#      n =  1
#  kappa = -1
# energy = -8.81565469E+03
#     dn =  1.38326179E-02
#SelfEne =  2.72113860E+32
#     vc = -1.80164344E+04
#  ilast =  307
#    ifm =    0
#    cfm =  0.00000000E+00
#    xfm =  0.00000000E+00
#    rfn =  1.11259948E+00
#    pdx =  9.99832204E-01
#   bqp0 = -4.25392178E-05
#   bqp1 =  0.00000000E+00
#    idx = 0
# LEPTON = 0
#   MASS =  1.00000000E+00
# CHARGE =  1.00000000E+00
#  EUNIT =  2.72113860E+01
#  RUNIT =  4.13413733E+16
#  LUNIT =  5.29177211E-01
#    AMU =  1.82288849E+03
#    FSC =  7.29735257E-03


0    3.84615385E-08 -1.749939E-02 -5.045507E-07  1.129531E-05 -4.807638E-10  0.000000E+00  0.000000E+00  0.000000E+00  0.000000E+00
1    4.21520013E-08 -1.917849E-02 -5.529495E-07  1.237893E-05 -5.774434E-10  0.000000E+00  0.000000E+00  0.000000E+00  0.000000E+00
2    4.61964108E-08 -2.101863E-02 -6.059897E-07  1.356647E-05 -6.935596E-10  0.000000E+00  0.000000E+00  0.000000E+00  0.000000E+00
3    5.06286098E-08 -2.303521E-02 -6.641158E-07  1.486787E-05 -8.330163E-10  0.000000E+00  0.000000E+00  0.000000E+00  0.000000E+00
4    5.54857553E-08 -2.524514E-02 -7.278151E-07  1.629406E-05 -1.000504E-09  0.000000E+00  0.000000E+00  0.000000E+00  0.000000E+00
5    6.08085623E-08 -2.766693E-02 -7.976213E-07  1.785698E-05 -1.201655E-09  0.000000E+00  0.000000E+00  0.000000E+00  0.000000E+00
6    6.66416438E-08 -3.032088E-02 -8.741194E-07  1.956972E-05 -1.443233E-09  0.000000E+00  0.000000E+00  0.000000E+00  0.000000E+00
7    7.30338842E-08 -3.322925E-02 -9.579504E-07  2.144665E-05 -1.733361E-09  0.000000E+00  0.000000E+00  0.000000E+00  0.000000E+00
8    8.00387086E-08 -3.641633E-02 -1.049816E-06  2.350346E-05 -2.081784E-09  0.000000E+00  0.000000E+00  0.000000E+00  0.000000E+00
9    8.77149216E-08 -3.990887E-02 -1.150486E-06  2.575740E-05 -2.500219E-09  0.000000E+00  0.000000E+00  0.000000E+00  0.000000E+00
10   9.61268296E-08 -4.373615E-02 -1.260802E-06  2.822734E-05 -3.002730E-09  0.000000E+00  0.000000E+00  0.000000E+00  0.000000E+00
11   1.05344527E-07 -4.793006E-02 -1.381689E-06  3.093391E-05 -3.606179E-09  0.000000E+00  0.000000E+00  0.000000E+00  0.000000E+00
12   1.15445516E-07 -5.252584E-02 -1.514157E-06  3.389981E-05 -4.330858E-09  0.000000E+00  0.000000E+00  0.000000E+00  0.000000E+00
13   1.26513941E-07 -5.756179E-02 -1.659314E-06  3.714979E-05 -5.201078E-09  0.000000E+00  0.000000E+00  0.000000E+00  0.000000E+00
14   1.38642593E-07 -6.308011E-02 -1.818374E-06  4.071108E-05 -6.246071E-09  0.000000E+00  0.000000E+00  0.000000E+00  0.000000E+00
15   1.51932674E-07 -6.912687E-02 -1.992666E-06  4.461340E-05 -7.500897E-09  0.000000E+00  0.000000E+00  0.000000E+00  0.000000E+00
16   1.66495275E-07 -7.575258E-02 -2.183647E-06  4.888937E-05 -9.007663E-09  0.000000E+00  0.000000E+00  0.000000E+00  0.000000E+00
17   1.82452417E-07 -8.301280E-02 -2.392913E-06  5.357478E-05 -1.081696E-08  0.000000E+00  0.000000E+00  0.000000E+00  0.000000E+00
18   1.99936825E-07 -9.096789E-02 -2.622210E-06  5.870866E-05 -1.298941E-08  0.000000E+00  0.000000E+00  0.000000E+00  0.000000E+00
19   2.19094476E-07 -9.968425E-02 -2.873452E-06  6.433387E-05 -1.559784E-08  0.000000E+00  0.000000E+00  0.000000E+00  0.000000E+00
20   2.40085694E-07 -1.092348E-01 -3.148736E-06  7.049742E-05 -1.872977E-08  0.000000E+00  0.000000E+00  0.000000E+00  0.000000E+00
21   2.63085313E-07 -1.196992E-01 -3.450359E-06  7.725068E-05 -2.249009E-08  0.000000E+00  0.000000E+00  0.000000E+00  0.000000E+00
22   2.88284726E-07 -1.311644E-01 -3.780832E-06  8.464990E-05 -2.700472E-08  0.000000E+00  0.000000E+00  0.000000E+00  0.000000E+00
23   3.15894545E-07 -1.437262E-01 -4.142911E-06  9.275683E-05 -3.242493E-08  0.000000E+00  0.000000E+00  0.000000E+00  0.000000E+00
24   3.46143812E-07 -1.574890E-01 -4.539611E-06  1.016389E-04 -3.893198E-08  0.000000E+00  0.000000E+00  0.000000E+00  0.000000E+00
25   3.79285711E-07 -1.725677E-01 -4.974235E-06  1.113701E-04 -4.674389E-08  0.000000E+00  0.000000E+00  0.000000E+00  0.000000E+00
26   4.15595029E-07 -1.890874E-01 -5.450399E-06  1.220315E-04 -5.612174E-08  0.000000E+00  0.000000E+00  0.000000E+00  0.000000E+00
27   4.55373132E-07 -2.071853E-01 -5.972059E-06  1.337114E-04 -6.737888E-08  0.000000E+00  0.000000E+00  0.000000E+00  0.000000E+00
28   4.98952461E-07 -2.270125E-01 -6.543556E-06  1.465074E-04 -8.089207E-08  0.000000E+00  0.000000E+00  0.000000E+00  0.000000E+00
29   5.46693778E-07 -2.487331E-01 -7.169631E-06  1.605254E-04 -9.711233E-08  0.000000E+00  0.000000E+00  0.000000E+00  0.000000E+00
30   5.98992705E-07 -2.725270E-01 -7.855482E-06  1.758818E-04 -1.165810E-07  0.000000E+00  0.000000E+00  0.000000E+00  0.000000E+00
31   6.56285618E-07 -2.985928E-01 -8.606803E-06  1.927043E-04 -1.399486E-07  0.000000E+00  0.000000E+00  0.000000E+00  0.000000E+00
32   7.19044757E-07 -3.271451E-01 -9.429814E-06  2.111320E-04 -1.679937E-07  0.000000E+00  0.000000E+00  0.000000E+00  0.000000E+00
33   7.87790328E-07 -3.584205E-01 -1.033133E-05  2.313176E-04 -2.016510E-07  0.000000E+00  0.000000E+00  0.000000E+00  0.000000E+00
34   8.63093418E-07 -3.926785E-01 -1.131882E-05  2.534284E-04 -2.420430E-07  0.000000E+00  0.000000E+00  0.000000E+00  0.000000E+00
35   9.45576450E-07 -4.302022E-01 -1.240045E-05  2.776473E-04 -2.905144E-07  0.000000E+00  0.000000E+00  0.000000E+00  0.000000E+00
36   1.03591867E-06 -4.713001E-01 -1.358515E-05  3.041741E-04 -3.486765E-07  0.000000E+00  0.000000E+00  0.000000E+00  0.000000E+00
37   1.13486866E-06 -5.163124E-01 -1.488271E-05  3.332282E-04 -4.184650E-07  0.000000E+00  0.000000E+00  0.000000E+00  0.000000E+00
38   1.24324265E-06 -5.656100E-01 -1.630382E-05  3.650492E-04 -5.021989E-07  0.000000E+00  0.000000E+00  0.000000E+00  0.000000E+00
39   1.36193260E-06 -6.195976E-01 -1.786020E-05  3.998993E-04 -6.026573E-07  0.000000E+00  0.000000E+00  0.000000E+00  0.000000E+00
40   1.49191597E-06 -6.787191E-01 -1.956465E-05  4.380654E-04 -7.231733E-07  0.000000E+00  0.000000E+00  0.000000E+00  0.000000E+00
41   1.63426233E-06 -7.434597E-01 -2.143119E-05  4.798615E-04 -8.677420E-07  0.000000E+00  0.000000E+00  0.000000E+00  0.000000E+00
42   1.79014344E-06 -8.143505E-01 -2.347515E-05  5.256312E-04 -1.041154E-06  0.000000E+00  0.000000E+00  0.000000E+00  0.000000E+00
43   1.96083495E-06 -8.919696E-01 -2.571329E-05  5.757498E-04 -1.249143E-06  0.000000E+00  0.000000E+00  0.000000E+00  0.000000E+00
44   2.14774031E-06 -9.769524E-01 -2.816396E-05  6.306285E-04 -1.498589E-06  0.000000E+00  0.000000E+00  0.000000E+00  0.000000E+00
45   2.35238607E-06 -1.069989E+00 -3.084720E-05  6.907161E-04 -1.797724E-06  0.000000E+00  0.000000E+00  0.000000E+00  0.000000E+00
46   2.57644835E-06 -1.171837E+00 -3.378494E-05  7.565042E-04 -2.156417E-06  0.000000E+00  0.000000E+00  0.000000E+00  0.000000E+00
47   2.82175649E-06 -1.283321E+00 -3.700115E-05  8.285299E-04 -2.586486E-06  0.000000E+00  0.000000E+00  0.000000E+00  0.000000E+00
48   3.09031051E-06 -1.405341E+00 -4.052203E-05  9.073803E-04 -3.102078E-06  0.000000E+00  0.000000E+00  0.000000E+00  0.000000E+00
49   3.38429828E-06 -1.538881E+00 -4.437622E-05  9.936973E-04 -3.720135E-06  0.000000E+00  0.000000E+00  0.000000E+00  0.000000E+00
50   3.70611010E-06 -1.685012E+00 -4.859500E-05  1.088183E-03 -4.460932E-06  0.000000E+00  0.000000E+00  0.000000E+00  0.000000E+00
51   4.05835855E-06 -1.844901E+00 -5.321259E-05  1.191603E-03 -5.348734E-06  0.000000E+00  0.000000E+00  0.000000E+00  0.000000E+00
52   4.44389693E-06 -2.019818E+00 -5.826632E-05  1.304795E-03 -6.412564E-06  0.000000E+00  0.000000E+00  0.000000E+00  0.000000E+00
53   4.86584635E-06 -2.211147E+00 -6.379700E-05  1.428674E-03 -7.687141E-06  0.000000E+00  0.000000E+00  0.000000E+00  0.000000E+00
54   5.32761291E-06 -2.420388E+00 -6.984918E-05  1.564240E-03 -9.213968E-06  0.000000E+00  0.000000E+00  0.000000E+00  0.000000E+00
55   5.83291892E-06 -2.649173E+00 -7.647151E-05  1.712583E-03 -1.104265E-05  0.000000E+00  0.000000E+00  0.000000E+00  0.000000E+00
56   6.38582884E-06 -2.899267E+00 -8.371709E-05  1.874896E-03 -1.323245E-05  0.000000E+00  0.000000E+00  0.000000E+00  0.000000E+00
57   6.99078137E-06 -3.172581E+00 -9.164386E-05  2.052478E-03 -1.585414E-05  0.000000E+00  0.000000E+00  0.000000E+00  0.000000E+00
58   7.65261988E-06 -3.471178E+00 -1.003151E-04  2.246750E-03 -1.899215E-05  0.000000E+00  0.000000E+00  0.000000E+00  0.000000E+00
59   8.37663680E-06 -3.797280E+00 -1.097996E-04  2.459258E-03 -2.274724E-05  0.000000E+00  0.000000E+00  0.000000E+00  0.000000E+00
60   9.16859999E-06 -4.153267E+00 -1.201728E-04  2.691693E-03 -2.723946E-05  0.000000E+00  0.000000E+00  0.000000E+00  0.000000E+00
61   1.00348109E-05 -4.541686E+00 -1.315164E-04  2.945896E-03 -3.261181E-05  0.000000E+00  0.000000E+00  0.000000E+00  0.000000E+00
62   1.09821364E-05 -4.965250E+00 -1.439199E-04  3.223873E-03 -3.903443E-05  0.000000E+00  0.000000E+00  0.000000E+00  0.000000E+00
63   1.20180723E-05 -5.426821E+00 -1.574804E-04  3.527813E-03 -4.670954E-05  0.000000E+00  0.000000E+00  0.000000E+00  0.000000E+00
64   1.31507888E-05 -5.929405E+00 -1.723039E-04  3.860097E-03 -5.587721E-05  0.000000E+00  0.000000E+00  0.000000E+00  0.000000E+00
65   1.43891927E-05 -6.476129E+00 -1.885055E-04  4.223318E-03 -6.682197E-05  0.000000E+00  0.000000E+00  0.000000E+00  0.000000E+00
66   1.57429953E-05 -7.070194E+00 -2.062104E-04  4.620298E-03 -7.988051E-05  0.000000E+00  0.000000E+00  0.000000E+00  0.000000E+00
67   1.72227718E-05 -7.714830E+00 -2.255549E-04  5.054107E-03 -9.545032E-05  0.000000E+00  0.000000E+00  0.000000E+00  0.000000E+00
68   1.88400485E-05 -8.413214E+00 -2.466866E-04  5.528079E-03 -1.139997E-04  0.000000E+00  0.000000E+00  0.000000E+00  0.000000E+00
69   2.06073761E-05 -9.168361E+00 -2.697660E-04  6.045837E-03 -1.360783E-04  0.000000E+00  0.000000E+00  0.000000E+00  0.000000E+00
70   2.25384178E-05 -9.982974E+00 -2.949670E-04  6.611314E-03 -1.623297E-04  0.000000E+00  0.000000E+00  0.000000E+00  0.000000E+00
71   2.46480501E-05 -1.085925E+01 -3.224778E-04  7.228772E-03 -1.935032E-04  0.000000E+00  0.000000E+00  0.000000E+00  0.000000E+00
72   2.69524530E-05 -1.179859E+01 -3.525022E-04  7.902833E-03 -2.304670E-04  0.000000E+00  0.000000E+00  0.000000E+00  0.000000E+00
73   2.94692314E-05 -1.280126E+01 -3.852602E-04  8.638495E-03 -2.742207E-04  0.000000E+00  0.000000E+00  0.000000E+00  0.000000E+00
74   3.22175273E-05 -1.386594E+01 -4.209892E-04  9.441168E-03 -3.259044E-04  0.000000E+00  0.000000E+00  0.000000E+00  0.000000E+00
75   3.52181498E-05 -1.498904E+01 -4.599450E-04  1.031669E-02 -3.868059E-04  0.000000E+00  0.000000E+00  0.000000E+00  0.000000E+00
76   3.84937068E-05 -1.616401E+01 -5.024030E-04  1.127137E-02 -4.583586E-04  0.000000E+00  0.000000E+00  0.000000E+00  0.000000E+00
77   4.20687612E-05 -1.738030E+01 -5.486586E-04  1.231201E-02 -5.421291E-04  0.000000E+00  0.000000E+00  0.000000E+00  0.000000E+00
78   4.59699805E-05 -1.862224E+01 -5.990292E-04  1.344592E-02 -6.397872E-04  0.000000E+00  0.000000E+00  0.000000E+00  0.000000E+00
79   5.02263063E-05 -1.986765E+01 -6.538547E-04  1.468102E-02 -7.530501E-04  0.000000E+00  0.000000E+00  0.000000E+00  0.000000E+00
80   5.48691434E-05 -2.108670E+01 -7.134999E-04  1.602581E-02 -8.835929E-04  0.000000E+00  0.000000E+00  0.000000E+00  0.000000E+00
81   5.99325424E-05 -2.224126E+01 -7.783556E-04  1.748949E-02 -1.032919E-03  0.000000E+00  0.000000E+00  0.000000E+00  0.000000E+00
82   6.54534179E-05 -2.328621E+01 -8.488393E-04  1.908201E-02 -1.202191E-03  0.000000E+00  0.000000E+00  0.000000E+00  0.000000E+00
83   7.14717630E-05 -2.417491E+01 -9.253912E-04  2.081399E-02 -1.392056E-03  0.000000E+00  0.000000E+00  0.000000E+00  0.000000E+00
84   7.80308833E-05 -2.487063E+01 -1.008470E-03  2.269682E-02 -1.602535E-03  0.000000E+00  0.000000E+00  0.000000E+00  0.000000E+00
85   8.51776583E-05 -2.536191E+01 -1.098572E-03  2.474290E-02 -1.833094E-03  0.000000E+00  0.000000E+00  0.000000E+00  0.000000E+00
86   9.29627989E-05 -2.567093E+01 -1.196269E-03  2.696616E-02 -2.082975E-03  0.000000E+00  0.000000E+00  0.000000E+00  0.000000E+00
87   1.01441135E-04 -2.584398E+01 -1.302193E-03  2.938195E-02 -2.351660E-03  0.000000E+00  0.000000E+00  0.000000E+00  0.000000E+00
88   1.10671920E-04 -2.593091E+01 -1.416998E-03  3.200640E-02 -2.639223E-03  0.000000E+00  0.000000E+00  0.000000E+00  0.000000E+00
89   1.20719144E-04 -2.597032E+01 -1.541361E-03  3.485651E-02 -2.946426E-03  0.000000E+00  0.000000E+00  0.000000E+00  0.000000E+00
90   1.31651877E-04 -2.598642E+01 -1.676006E-03  3.795060E-02 -3.274624E-03  0.000000E+00  0.000000E+00  0.000000E+00  0.000000E+00
91   1.43544627E-04 -2.599222E+01 -1.821719E-03  4.130845E-02 -3.625612E-03  0.000000E+00  0.000000E+00  0.000000E+00  0.000000E+00
92   1.56477704E-04 -2.599389E+01 -1.979341E-03  4.495134E-02 -4.001494E-03  0.000000E+00  0.000000E+00  0.000000E+00  0.000000E+00
93   1.70537634E-04 -2.599407E+01 -2.149768E-03  4.890213E-02 -4.404599E-03  0.000000E+00  0.000000E+00  0.000000E+00  0.000000E+00
94   1.85817564E-04 -2.599373E+01 -2.333948E-03  5.318532E-02 -4.837440E-03  0.000000E+00  0.000000E+00  0.000000E+00  0.000000E+00
95   2.02417697E-04 -2.599322E+01 -2.532886E-03  5.782706E-02 -5.302694E-03  0.000000E+00  0.000000E+00  0.000000E+00  0.000000E+00
96   2.20445759E-04 -2.599263E+01 -2.747640E-03  6.285535E-02 -5.803200E-03  0.000000E+00  0.000000E+00  0.000000E+00  0.000000E+00
97   2.40017466E-04 -2.599198E+01 -2.979326E-03  6.830005E-02 -6.341968E-03  0.000000E+00  0.000000E+00  0.000000E+00  0.000000E+00
98   2.61257026E-04 -2.599127E+01 -3.229112E-03  7.419302E-02 -6.922187E-03  0.000000E+00  0.000000E+00  0.000000E+00  0.000000E+00
99   2.84297659E-04 -2.599050E+01 -3.498225E-03  8.056820E-02 -7.547231E-03  0.000000E+00  0.000000E+00  0.000000E+00  0.000000E+00
100  3.09282127E-04 -2.598967E+01 -3.787943E-03  8.746168E-02 -8.220672E-03  0.000000E+00  0.000000E+00  0.000000E+00  0.000000E+00
101  3.36363297E-04 -2.598877E+01 -4.099598E-03  9.491183E-02 -8.946286E-03  0.000000E+00  0.000000E+00  0.000000E+00  0.000000E+00
102  3.65704711E-04 -2.598780E+01 -4.434569E-03  1.029593E-01 -9.728065E-03  0.000000E+00  0.000000E+00  0.000000E+00  0.000000E+00
103  3.97481179E-04 -2.598675E+01 -4.794278E-03  1.116473E-01 -1.057023E-02  0.000000E+00  0.000000E+00  0.000000E+00  0.000000E+00
104  4.31879384E-04 -2.598561E+01 -5.180187E-03  1.210214E-01 -1.147721E-02  0.000000E+00  0.000000E+00  0.000000E+00  0.000000E+00
105  4.69098504E-04 -2.598438E+01 -5.593790E-03  1.311297E-01 -1.245370E-02  0.000000E+00  0.000000E+00  0.000000E+00  0.000000E+00
106  5.09350851E-04 -2.598305E+01 -6.036599E-03  1.420230E-01 -1.350463E-02  0.000000E+00  0.000000E+00  0.000000E+00  0.000000E+00
107  5.52862505E-04 -2.598162E+01 -6.510143E-03  1.537547E-01 -1.463515E-02  0.000000E+00  0.000000E+00  0.000000E+00  0.000000E+00
108  5.99873979E-04 -2.598007E+01 -7.015947E-03  1.663809E-01 -1.585070E-02  0.000000E+00  0.000000E+00  0.000000E+00  0.000000E+00
109  6.50640878E-04 -2.597840E+01 -7.555519E-03  1.799603E-01 -1.715695E-02  0.000000E+00  0.000000E+00  0.000000E+00  0.000000E+00
110  7.05434554E-04 -2.597660E+01 -8.130335E-03  1.945543E-01 -1.855981E-02  0.000000E+00  0.000000E+00  0.000000E+00  0.000000E+00
111  7.64542785E-04 -2.597467E+01 -8.741815E-03  2.102269E-01 -2.006547E-02  0.000000E+00  0.000000E+00  0.000000E+00  0.000000E+00
112  8.28270429E-04 -2.597258E+01 -9.391301E-03  2.270449E-01 -2.168032E-02  0.000000E+00  0.000000E+00  0.000000E+00  0.000000E+00
113  8.96940089E-04 -2.597034E+01 -1.008003E-02  2.450774E-01 -2.341102E-02  0.000000E+00  0.000000E+00  0.000000E+00  0.000000E+00
114  9.70892759E-04 -2.596794E+01 -1.080911E-02  2.643958E-01 -2.526444E-02  0.000000E+00  0.000000E+00  0.000000E+00  0.000000E+00
115  1.05048847E-03 -2.596536E+01 -1.157947E-02  2.850739E-01 -2.724765E-02  0.000000E+00  0.000000E+00  0.000000E+00  0.000000E+00
116  1.13610690E-03 -2.596259E+01 -1.239183E-02  3.071874E-01 -2.936793E-02  0.000000E+00  0.000000E+00  0.000000E+00  0.000000E+00
117  1.22814799E-03 -2.595962E+01 -1.324667E-02  3.308139E-01 -3.163271E-02  0.000000E+00  0.000000E+00  0.000000E+00  0.000000E+00
118  1.32703254E-03 -2.595644E+01 -1.414417E-02  3.560325E-01 -3.404956E-02  0.000000E+00  0.000000E+00  0.000000E+00  0.000000E+00
119  1.43320270E-03 -2.595304E+01 -1.508416E-02  3.829236E-01 -3.662619E-02  0.000000E+00  0.000000E+00  0.000000E+00  0.000000E+00
120  1.54712258E-03 -2.594940E+01 -1.606608E-02  4.115682E-01 -3.937034E-02  0.000000E+00  0.000000E+00  0.000000E+00  0.000000E+00
121  1.66927867E-03 -2.594551E+01 -1.708889E-02  4.420478E-01 -4.228982E-02  0.000000E+00  0.000000E+00  0.000000E+00  0.000000E+00
122  1.80018033E-03 -2.594137E+01 -1.815104E-02  4.744439E-01 -4.539239E-02  0.000000E+00  0.000000E+00  0.000000E+00  0.000000E+00
123  1.94036015E-03 -2.593695E+01 -1.925040E-02  5.088372E-01 -4.868578E-02  0.000000E+00  0.000000E+00  0.000000E+00  0.000000E+00
124  2.09037436E-03 -2.593224E+01 -2.038415E-02  5.453073E-01 -5.217757E-02  0.000000E+00  0.000000E+00  0.000000E+00  0.000000E+00
125  2.25080312E-03 -2.592724E+01 -2.154877E-02  5.839316E-01 -5.587513E-02  0.000000E+00  0.000000E+00  0.000000E+00  0.000000E+00
126  2.42225077E-03 -2.592192E+01 -2.273991E-02  6.247851E-01 -5.978560E-02  0.000000E+00  0.000000E+00  0.000000E+00  0.000000E+00
127  2.60534602E-03 -2.591627E+01 -2.395236E-02  6.679391E-01 -6.391575E-02  0.000000E+00  0.000000E+00  0.000000E+00  0.000000E+00
128  2.80074214E-03 -2.591028E+01 -2.517994E-02  7.134607E-01 -6.827193E-02  0.000000E+00  0.000000E+00  0.000000E+00  0.000000E+00
129  3.00911699E-03 -2.590394E+01 -2.641544E-02  7.614114E-01 -7.285998E-02  0.000000E+00  0.000000E+00  0.000000E+00  0.000000E+00
130  3.23117308E-03 -2.589722E+01 -2.765056E-02  8.118468E-01 -7.768509E-02  0.000000E+00  0.000000E+00  0.000000E+00  0.000000E+00
131  3.46763749E-03 -2.589013E+01 -2.887581E-02  8.648148E-01 -8.275176E-02  0.000000E+00  0.000000E+00  0.000000E+00  0.000000E+00
132  3.71926180E-03 -2.588265E+01 -3.008050E-02  9.203549E-01 -8.806367E-02  0.000000E+00  0.000000E+00  0.000000E+00  0.000000E+00
133  3.98682188E-03 -2.587475E+01 -3.125266E-02  9.784970E-01 -9.362354E-02  0.000000E+00  0.000000E+00  0.000000E+00  0.000000E+00
134  4.27111767E-03 -2.586645E+01 -3.237900E-02  1.039260E+00 -9.943303E-02  0.000000E+00  0.000000E+00  0.000000E+00  0.000000E+00
135  4.57297288E-03 -2.585771E+01 -3.344487E-02  1.102652E+00 -1.054927E-01  0.000000E+00  0.000000E+00  0.000000E+00  0.000000E+00
136  4.89323459E-03 -2.584854E+01 -3.443429E-02  1.168665E+00 -1.118016E-01  0.000000E+00  0.000000E+00  0.000000E+00  0.000000E+00
137  5.23277284E-03 -2.583893E+01 -3.532992E-02  1.237279E+00 -1.183577E-01  0.000000E+00  0.000000E+00  0.000000E+00  0.000000E+00
138  5.59248014E-03 -2.582886E+01 -3.611310E-02  1.308458E+00 -1.251572E-01  0.000000E+00  0.000000E+00  0.000000E+00  0.000000E+00
139  5.97327087E-03 -2.581833E+01 -3.676390E-02  1.382147E+00 -1.321947E-01  0.000000E+00  0.000000E+00  0.000000E+00  0.000000E+00
140  6.37608073E-03 -2.580734E+01 -3.726117E-02  1.458276E+00 -1.394631E-01  0.000000E+00  0.000000E+00  0.000000E+00  0.000000E+00
141  6.80186603E-03 -2.579589E+01 -3.758270E-02  1.536754E+00 -1.469533E-01  0.000000E+00  0.000000E+00  0.000000E+00  0.000000E+00
142  7.25160295E-03 -2.578397E+01 -3.770529E-02  1.617468E+00 -1.546544E-01  0.000000E+00  0.000000E+00  0.000000E+00  0.000000E+00
143  7.72628684E-03 -2.577157E+01 -3.760491E-02  1.700288E+00 -1.625533E-01  0.000000E+00  0.000000E+00  0.000000E+00  0.000000E+00
144  8.22693133E-03 -2.575872E+01 -3.725694E-02  1.785059E+00 -1.706350E-01  0.000000E+00  0.000000E+00  0.000000E+00  0.000000E+00
145  8.75456754E-03 -2.574540E+01 -3.663633E-02  1.871604E+00 -1.788820E-01  0.000000E+00  0.000000E+00  0.000000E+00  0.000000E+00
146  9.31024314E-03 -2.573163E+01 -3.571787E-02  1.959724E+00 -1.872749E-01  0.000000E+00  0.000000E+00  0.000000E+00  0.000000E+00
147  9.89502148E-03 -2.571741E+01 -3.447646E-02  2.049195E+00 -1.957917E-01  0.000000E+00  0.000000E+00  0.000000E+00  0.000000E+00
148  1.05099806E-02 -2.570275E+01 -3.288739E-02  2.139772E+00 -2.044085E-01  0.000000E+00  0.000000E+00  0.000000E+00  0.000000E+00
149  1.11562122E-02 -2.568767E+01 -3.092667E-02  2.231184E+00 -2.130990E-01  0.000000E+00  0.000000E+00  0.000000E+00  0.000000E+00
150  1.18348208E-02 -2.567219E+01 -2.857137E-02  2.323139E+00 -2.218346E-01  0.000000E+00  0.000000E+00  0.000000E+00  0.000000E+00
151  1.25469227E-02 -2.565631E+01 -2.579991E-02  2.415324E+00 -2.305849E-01  0.000000E+00  0.000000E+00  0.000000E+00  0.000000E+00
152  1.32936448E-02 -2.564007E+01 -2.259248E-02  2.507403E+00 -2.393171E-01  0.000000E+00  0.000000E+00  0.000000E+00  0.000000E+00
153  1.40761238E-02 -2.562348E+01 -1.893129E-02  2.599020E+00 -2.479969E-01  0.000000E+00  0.000000E+00  0.000000E+00  0.000000E+00
154  1.48955048E-02 -2.560656E+01 -1.480098E-02  2.689804E+00 -2.565881E-01  0.000000E+00  0.000000E+00  0.000000E+00  0.000000E+00
155  1.57529410E-02 -2.558936E+01 -1.018886E-02  2.779364E+00 -2.650529E-01  0.000000E+00  0.000000E+00  0.000000E+00  0.000000E+00
156  1.66495919E-02 -2.557188E+01 -5.085256E-03  2.867298E+00 -2.733524E-01  0.000000E+00  0.000000E+00  0.000000E+00  0.000000E+00
157  1.75866226E-02 -2.555418E+01  5.163179E-04  2.953190E+00 -2.814465E-01  0.000000E+00  0.000000E+00  0.000000E+00  0.000000E+00
158  1.85652031E-02 -2.553627E+01  6.247095E-03  3.036617E+00 -2.892945E-01  0.000000E+00  0.000000E+00  0.000000E+00  0.000000E+00
159  1.95865069E-02 -2.551820E+01  1.178096E-02  3.117150E+00 -2.968557E-01  0.000000E+00  0.000000E+00  0.000000E+00  0.000000E+00
160  2.06517101E-02 -2.550000E+01  1.708186E-02  3.194357E+00 -3.040896E-01  0.000000E+00  0.000000E+00  0.000000E+00  0.000000E+00
161  2.17619907E-02 -2.548171E+01  2.212710E-02  3.267806E+00 -3.109555E-01  0.000000E+00  0.000000E+00  0.000000E+00  0.000000E+00
162  2.29185275E-02 -2.546337E+01  2.689540E-02  3.337071E+00 -3.174137E-01  0.000000E+00  0.000000E+00  0.000000E+00  0.000000E+00
163  2.41224993E-02 -2.544502E+01  3.136715E-02  3.401734E+00 -3.234252E-01  0.000000E+00  0.000000E+00  0.000000E+00  0.000000E+00
164  2.53750840E-02 -2.542670E+01  3.552468E-02  3.461388E+00 -3.289522E-01  0.000000E+00  0.000000E+00  0.000000E+00  0.000000E+00
165  2.66774576E-02 -2.540845E+01  3.935247E-02  3.515643E+00 -3.339586E-01  0.000000E+00  0.000000E+00  0.000000E+00  0.000000E+00
166  2.80307940E-02 -2.539031E+01  4.283737E-02  3.564130E+00 -3.384104E-01  0.000000E+00  0.000000E+00  0.000000E+00  0.000000E+00
167  2.94362633E-02 -2.537232E+01  4.596876E-02  3.606502E+00 -3.422759E-01  0.000000E+00  0.000000E+00  0.000000E+00  0.000000E+00
168  3.08950319E-02 -2.535453E+01  4.873873E-02  3.642442E+00 -3.455261E-01  0.000000E+00  0.000000E+00  0.000000E+00  0.000000E+00
169  3.24082615E-02 -2.533698E+01  5.114217E-02  3.671663E+00 -3.481351E-01  0.000000E+00  0.000000E+00  0.000000E+00  0.000000E+00
170  3.39771082E-02 -2.531969E+01  5.317687E-02  3.693914E+00 -3.500803E-01  0.000000E+00  0.000000E+00  0.000000E+00  0.000000E+00
171  3.56027222E-02 -2.530272E+01  5.484352E-02  3.708981E+00 -3.513428E-01  0.000000E+00  0.000000E+00  0.000000E+00  0.000000E+00
172  3.72862471E-02 -2.528609E+01  5.614574E-02  3.716693E+00 -3.519078E-01  0.000000E+00  0.000000E+00  0.000000E+00  0.000000E+00
173  3.90288194E-02 -2.526983E+01  5.709002E-02  3.716921E+00 -3.517642E-01  0.000000E+00  0.000000E+00  0.000000E+00  0.000000E+00
174  4.08315678E-02 -2.525399E+01  5.768563E-02  3.709583E+00 -3.509132E-01  0.000000E+00  0.000000E+00  0.000000E+00  0.000000E+00
175  4.26956127E-02 -2.523859E+01  5.794450E-02  3.694643E+00 -3.493457E-01  0.000000E+00  0.000000E+00  0.000000E+00  0.000000E+00
176  4.46220661E-02 -2.522365E+01  5.788105E-02  3.672115E+00 -3.470643E-01  0.000000E+00  0.000000E+00  0.000000E+00  0.000000E+00
177  4.66120306E-02 -2.520920E+01  5.751197E-02  3.642061E+00 -3.440759E-01  0.000000E+00  0.000000E+00  0.000000E+00  0.000000E+00
178  4.86665997E-02 -2.519526E+01  5.685602E-02  3.604594E+00 -3.403924E-01  0.000000E+00  0.000000E+00  0.000000E+00  0.000000E+00
179  5.07868568E-02 -2.518185E+01  5.593373E-02  3.559872E+00 -3.360298E-01  0.000000E+00  0.000000E+00  0.000000E+00  0.000000E+00
180  5.29738751E-02 -2.516898E+01  5.476715E-02  3.508106E+00 -3.310089E-01  0.000000E+00  0.000000E+00  0.000000E+00  0.000000E+00
181  5.52287174E-02 -2.515666E+01  5.337952E-02  3.449551E+00 -3.253545E-01  0.000000E+00  0.000000E+00  0.000000E+00  0.000000E+00
182  5.75524357E-02 -2.514491E+01  5.179497E-02  3.384504E+00 -3.190956E-01  0.000000E+00  0.000000E+00  0.000000E+00  0.000000E+00
183  5.99460711E-02 -2.513372E+01  5.003822E-02  3.313308E+00 -3.122650E-01  0.000000E+00  0.000000E+00  0.000000E+00  0.000000E+00
184  6.24106534E-02 -2.512310E+01  4.813421E-02  3.236341E+00 -3.048989E-01  0.000000E+00  0.000000E+00  0.000000E+00  0.000000E+00
185  6.49472008E-02 -2.511306E+01  4.610786E-02  3.154017E+00 -2.970368E-01  0.000000E+00  0.000000E+00  0.000000E+00  0.000000E+00
186  6.75567202E-02 -2.510358E+01  4.398370E-02  3.066782E+00 -2.887210E-01  0.000000E+00  0.000000E+00  0.000000E+00  0.000000E+00
187  7.02402066E-02 -2.509465E+01  4.178566E-02  2.975108E+00 -2.799961E-01  0.000000E+00  0.000000E+00  0.000000E+00  0.000000E+00
188  7.29986430E-02 -2.508628E+01  3.953675E-02  2.879488E+00 -2.709089E-01  0.000000E+00  0.000000E+00  0.000000E+00  0.000000E+00
189  7.58330007E-02 -2.507845E+01  3.725886E-02  2.780435E+00 -2.615074E-01  0.000000E+00  0.000000E+00  0.000000E+00  0.000000E+00
190  7.87442386E-02 -2.507115E+01  3.497256E-02  2.678473E+00 -2.518411E-01  0.000000E+00  0.000000E+00  0.000000E+00  0.000000E+00
191  8.17333037E-02 -2.506436E+01  3.269689E-02  2.574133E+00 -2.419597E-01  0.000000E+00  0.000000E+00  0.000000E+00  0.000000E+00
192  8.48011307E-02 -2.505806E+01  3.044930E-02  2.467949E+00 -2.319134E-01  0.000000E+00  0.000000E+00  0.000000E+00  0.000000E+00
193  8.79486421E-02 -2.505224E+01  2.824545E-02  2.360453E+00 -2.217517E-01  0.000000E+00  0.000000E+00  0.000000E+00  0.000000E+00
194  9.11767483E-02 -2.504688E+01  2.609922E-02  2.252170E+00 -2.115239E-01  0.000000E+00  0.000000E+00  0.000000E+00  0.000000E+00
195  9.44863471E-02 -2.504195E+01  2.402262E-02  2.143611E+00 -2.012775E-01  0.000000E+00  0.000000E+00  0.000000E+00  0.000000E+00
196  9.78783244E-02 -2.503743E+01  2.202583E-02  2.035274E+00 -1.910590E-01  0.000000E+00  0.000000E+00  0.000000E+00  0.000000E+00
197  1.01353554E-01 -2.503331E+01  2.011720E-02  1.927632E+00 -1.809124E-01  0.000000E+00  0.000000E+00  0.000000E+00  0.000000E+00
198  1.04912897E-01 -2.502956E+01  1.830330E-02  1.821139E+00 -1.708800E-01  0.000000E+00  0.000000E+00  0.000000E+00  0.000000E+00
199  1.08557202E-01 -2.502616E+01  1.658902E-02  1.716219E+00 -1.610010E-01  0.000000E+00  0.000000E+00  0.000000E+00  0.000000E+00
200  1.12287308E-01 -2.502308E+01  1.497766E-02  1.613266E+00 -1.513121E-01  0.000000E+00  0.000000E+00  0.000000E+00  0.000000E+00
201  1.16104039E-01 -2.502031E+01  1.347101E-02  1.512643E+00 -1.418467E-01  0.000000E+00  0.000000E+00  0.000000E+00  0.000000E+00
202  1.20008208E-01 -2.501781E+01  1.206955E-02  1.414676E+00 -1.326352E-01  0.000000E+00  0.000000E+00  0.000000E+00  0.000000E+00
203  1.24000617E-01 -2.501558E+01  1.077252E-02  1.319657E+00 -1.237045E-01  0.000000E+00  0.000000E+00  0.000000E+00  0.000000E+00
204  1.28082056E-01 -2.501358E+01  9.578102E-03  1.227841E+00 -1.150780E-01  0.000000E+00  0.000000E+00  0.000000E+00  0.000000E+00
205  1.32253303E-01 -2.501181E+01  8.483553E-03  1.139447E+00 -1.067760E-01  0.000000E+00  0.000000E+00  0.000000E+00  0.000000E+00
206  1.36515124E-01 -2.501023E+01  7.485353E-03  1.054656E+00 -9.881482E-02  0.000000E+00  0.000000E+00  0.000000E+00  0.000000E+00
207  1.40868274E-01 -2.500884E+01  6.579347E-03  9.736108E-01 -9.120776E-02  0.000000E+00  0.000000E+00  0.000000E+00  0.000000E+00
208  1.45313497E-01 -2.500762E+01  5.760882E-03  8.964212E-01 -8.396462E-02  0.000000E+00  0.000000E+00  0.000000E+00  0.000000E+00
209  1.49851526E-01 -2.500654E+01  5.024933E-03  8.231612E-01 -7.709206E-02  0.000000E+00  0.000000E+00  0.000000E+00  0.000000E+00
210  1.54483082E-01 -2.500560E+01  4.366226E-03  7.538722E-01 -7.059364E-02  0.000000E+00  0.000000E+00  0.000000E+00  0.000000E+00
211  1.59208877E-01 -2.500478E+01  3.779340E-03  6.885648E-01 -6.447008E-02  0.000000E+00  0.000000E+00  0.000000E+00  0.000000E+00
212  1.64029608E-01 -2.500406E+01  3.258809E-03  6.272206E-01 -5.871940E-02  0.000000E+00  0.000000E+00  0.000000E+00  0.000000E+00
213  1.68945966E-01 -2.500345E+01  2.799201E-03  5.697950E-01 -5.333717E-02  0.000000E+00  0.000000E+00  0.000000E+00  0.000000E+00
214  1.73958630E-01 -2.500291E+01  2.395194E-03  5.162192E-01 -4.831674E-02  0.000000E+00  0.000000E+00  0.000000E+00  0.000000E+00
215  1.79068266E-01 -2.500245E+01  2.041633E-03  4.664030E-01 -4.364947E-02  0.000000E+00  0.000000E+00  0.000000E+00  0.000000E+00
216  1.84275534E-01 -2.500206E+01  1.733582E-03  4.202374E-01 -3.932497E-02  0.000000E+00  0.000000E+00  0.000000E+00  0.000000E+00
217  1.89581081E-01 -2.500172E+01  1.466356E-03  3.775974E-01 -3.533138E-02  0.000000E+00  0.000000E+00  0.000000E+00  0.000000E+00
218  1.94985545E-01 -2.500144E+01  1.235556E-03  3.383443E-01 -3.165557E-02  0.000000E+00  0.000000E+00  0.000000E+00  0.000000E+00
219  2.00489553E-01 -2.500120E+01  1.037079E-03  3.023286E-01 -2.828341E-02  0.000000E+00  0.000000E+00  0.000000E+00  0.000000E+00
220  2.06093724E-01 -2.500099E+01  8.671346E-04  2.693922E-01 -2.519998E-02  0.000000E+00  0.000000E+00  0.000000E+00  0.000000E+00
221  2.11798667E-01 -2.500082E+01  7.222474E-04  2.393707E-01 -2.238982E-02  0.000000E+00  0.000000E+00  0.000000E+00  0.000000E+00
222  2.17604981E-01 -2.500067E+01  5.992513E-04  2.120959E-01 -1.983707E-02  0.000000E+00  0.000000E+00  0.000000E+00  0.000000E+00
223  2.23513255E-01 -2.500055E+01  4.952841E-04  1.873977E-01 -1.752574E-02  0.000000E+00  0.000000E+00  0.000000E+00  0.000000E+00
224  2.29524072E-01 -2.500045E+01  4.077756E-04  1.651055E-01 -1.543982E-02  0.000000E+00  0.000000E+00  0.000000E+00  0.000000E+00
225  2.35638002E-01 -2.500037E+01  3.344325E-04  1.450508E-01 -1.356345E-02  0.000000E+00  0.000000E+00  0.000000E+00  0.000000E+00
226  2.41855610E-01 -2.500030E+01  2.732216E-04  1.270676E-01 -1.188107E-02  0.000000E+00  0.000000E+00  0.000000E+00  0.000000E+00
227  2.48177448E-01 -2.500024E+01  2.223514E-04  1.109944E-01 -1.037752E-02  0.000000E+00  0.000000E+00  0.000000E+00  0.000000E+00
228  2.54604064E-01 -2.500019E+01  1.802527E-04  9.667510E-02 -9.038157E-03  0.000000E+00  0.000000E+00  0.000000E+00  0.000000E+00
229  2.61135995E-01 -2.500016E+01  1.455591E-04  8.395969E-02 -7.848919E-03  0.000000E+00  0.000000E+00  0.000000E+00  0.000000E+00
230  2.67773770E-01 -2.500012E+01  1.170879E-04  7.270518E-02 -6.796402E-03  0.000000E+00  0.000000E+00  0.000000E+00  0.000000E+00
231  2.74517910E-01 -2.500010E+01  9.382062E-05  6.277603E-02 -5.867906E-03  0.000000E+00  0.000000E+00  0.000000E+00  0.000000E+00
232  2.81368928E-01 -2.500008E+01  7.488535E-05  5.404457E-02 -5.051471E-03  0.000000E+00  0.000000E+00  0.000000E+00  0.000000E+00
233  2.88327330E-01 -2.500006E+01  5.953968E-05  4.639121E-02 -4.335896E-03  0.000000E+00  0.000000E+00  0.000000E+00  0.000000E+00
234  2.95393612E-01 -2.500005E+01  4.715480E-05  3.970460E-02 -3.710752E-03  0.000000E+00  0.000000E+00  0.000000E+00  0.000000E+00
235  3.02568265E-01 -2.500004E+01  3.720092E-05  3.388155E-02 -3.166381E-03  0.000000E+00  0.000000E+00  0.000000E+00  0.000000E+00
236  3.09851772E-01 -2.500003E+01  2.923401E-05  2.882696E-02 -2.693880E-03  0.000000E+00  0.000000E+00  0.000000E+00  0.000000E+00
237  3.17244607E-01 -2.500002E+01  2.288383E-05  2.445366E-02 -2.285091E-03  0.000000E+00  0.000000E+00  0.000000E+00  0.000000E+00
238  3.24747238E-01 -2.500002E+01  1.784321E-05  2.068208E-02 -1.932567E-03  0.000000E+00  0.000000E+00  0.000000E+00  0.000000E+00
239  3.32360126E-01 -2.500001E+01  1.385860E-05  1.743999E-02 -1.629551E-03  0.000000E+00  0.000000E+00  0.000000E+00  0.000000E+00
240  3.40083725E-01 -2.500001E+01  1.072178E-05  1.466210E-02 -1.369934E-03  0.000000E+00  0.000000E+00  0.000000E+00  0.000000E+00
241  3.47918482E-01 -2.500001E+01  8.262528E-06  1.228966E-02 -1.148223E-03  0.000000E+00  0.000000E+00  0.000000E+00  0.000000E+00
242  3.55864838E-01 -2.500001E+01  6.342438E-06  1.027008E-02 -9.594963E-04  0.000000E+00  0.000000E+00  0.000000E+00  0.000000E+00
243  3.63923225E-01 -2.500000E+01  4.849476E-06  8.556476E-03 -7.993699E-04  0.000000E+00  0.000000E+00  0.000000E+00  0.000000E+00
244  3.72094072E-01 -2.500000E+01  3.693403E-06  7.107208E-03 -6.639508E-04  0.000000E+00  0.000000E+00  0.000000E+00  0.000000E+00
245  3.80377799E-01 -2.500000E+01  2.801881E-06  5.885491E-03 -5.497991E-04  0.000000E+00  0.000000E+00  0.000000E+00  0.000000E+00
246  3.88774820E-01 -2.500000E+01  2.117200E-06  4.858951E-03 -4.538881E-04  0.000000E+00  0.000000E+00  0.000000E+00  0.000000E+00
247  3.97285545E-01 -2.500000E+01  1.593533E-06  3.999218E-03 -3.735654E-04  0.000000E+00  0.000000E+00  0.000000E+00  0.000000E+00
248  4.05910376E-01 -2.500000E+01  1.194662E-06  3.281534E-03 -3.065167E-04  0.000000E+00  0.000000E+00  0.000000E+00  0.000000E+00
249  4.14649708E-01 -2.500000E+01  8.920947E-07  2.684385E-03 -2.507311E-04  0.000000E+00  0.000000E+00  0.000000E+00  0.000000E+00
250  4.23503934E-01 -2.500000E+01  6.635245E-07  2.189149E-03 -2.044679E-04  0.000000E+00  0.000000E+00  0.000000E+00  0.000000E+00
251  4.32473437E-01 -2.500000E+01  4.915642E-07  1.779776E-03 -1.662271E-04  0.000000E+00  0.000000E+00  0.000000E+00  0.000000E+00
252  4.41558597E-01 -2.500000E+01  3.627257E-07  1.442486E-03 -1.347210E-04  0.000000E+00  0.000000E+00  0.000000E+00  0.000000E+00
253  4.50759788E-01 -2.500000E+01  2.665929E-07  1.165497E-03 -1.088484E-04  0.000000E+00  0.000000E+00  0.000000E+00  0.000000E+00
254  4.60077379E-01 -2.500000E+01  1.951589E-07  9.387727E-04 -8.767162E-05  0.000000E+00  0.000000E+00  0.000000E+00  0.000000E+00
255  4.69511732E-01 -2.500000E+01  1.422966E-07  7.538011E-04 -7.039524E-05  0.000000E+00  0.000000E+00  0.000000E+00  0.000000E+00
256  4.79063206E-01 -2.500000E+01  1.033391E-07  6.033884E-04 -5.634711E-05  0.000000E+00  0.000000E+00  0.000000E+00  0.000000E+00
257  4.88732153E-01 -2.500000E+01  7.474728E-08  4.814798E-04 -4.496153E-05  0.000000E+00  0.000000E+00  0.000000E+00  0.000000E+00
258  4.98518921E-01 -2.500000E+01  5.384980E-08  3.829985E-04 -3.576422E-05  0.000000E+00  0.000000E+00  0.000000E+00  0.000000E+00
259  5.08423852E-01 -2.500000E+01  3.863916E-08  3.037044E-04 -2.835905E-05  0.000000E+00  0.000000E+00  0.000000E+00  0.000000E+00
260  5.18447285E-01 -2.500000E+01  2.761359E-08  2.400697E-04 -2.241646E-05  0.000000E+00  0.000000E+00  0.000000E+00  0.000000E+00
261  5.28589552E-01 -2.500000E+01  1.965472E-08  1.891703E-04 -1.766330E-05  0.000000E+00  0.000000E+00  0.000000E+00  0.000000E+00
262  5.38850983E-01 -2.500000E+01  1.393336E-08  1.485919E-04 -1.387405E-05  0.000000E+00  0.000000E+00  0.000000E+00  0.000000E+00
263  5.49231900E-01 -2.500000E+01  9.837557E-09  1.163486E-04 -1.086322E-05  0.000000E+00  0.000000E+00  0.000000E+00  0.000000E+00
264  5.59732624E-01 -2.500000E+01  6.917638E-09  9.081299E-05 -8.478820E-06  0.000000E+00  0.000000E+00  0.000000E+00  0.000000E+00
265  5.70353468E-01 -2.500000E+01  4.844662E-09  7.065669E-05 -6.596758E-06  0.000000E+00  0.000000E+00  0.000000E+00  0.000000E+00
266  5.81094745E-01 -2.500000E+01  3.379107E-09  5.479921E-05 -5.116130E-06  0.000000E+00  0.000000E+00  0.000000E+00  0.000000E+00
267  5.91956759E-01 -2.500000E+01  2.347303E-09  4.236512E-05 -3.955176E-06  0.000000E+00  0.000000E+00  0.000000E+00  0.000000E+00
268  6.02939812E-01 -2.500000E+01  1.623910E-09  3.264774E-05 -3.047899E-06  0.000000E+00  0.000000E+00  0.000000E+00  0.000000E+00
269  6.14044204E-01 -2.500000E+01  1.118860E-09  2.507874E-05 -2.341227E-06  0.000000E+00  0.000000E+00  0.000000E+00  0.000000E+00
270  6.25270226E-01 -2.500000E+01  7.677343E-10  1.920276E-05 -1.792635E-06  0.000000E+00  0.000000E+00  0.000000E+00  0.000000E+00
271  6.36618170E-01 -2.500000E+01  5.246363E-10  1.465631E-05 -1.368180E-06  0.000000E+00  0.000000E+00  0.000000E+00  0.000000E+00
272  6.48088321E-01 -2.500000E+01  3.570406E-10  1.115029E-05 -1.040867E-06  0.000000E+00  0.000000E+00  0.000000E+00  0.000000E+00
273  6.59680961E-01 -2.500000E+01  2.419824E-10  8.455626E-06 -7.893058E-07  0.000000E+00  0.000000E+00  0.000000E+00  0.000000E+00
274  6.71396368E-01 -2.500000E+01  1.633254E-10  6.391473E-06 -5.966108E-07  0.000000E+00  0.000000E+00  0.000000E+00  0.000000E+00
275  6.83234816E-01 -2.500000E+01  1.097824E-10  4.815589E-06 -4.495006E-07  0.000000E+00  0.000000E+00  0.000000E+00  0.000000E+00
276  6.95196578E-01 -2.500000E+01  0.000000E+00  3.616504E-06 -3.375673E-07  0.000000E+00  0.000000E+00  0.000000E+00  0.000000E+00
277  7.07281919E-01 -2.500000E+01  0.000000E+00  2.707179E-06 -2.526848E-07  0.000000E+00  0.000000E+00  0.000000E+00  0.000000E+00
278  7.19491103E-01 -2.500000E+01  0.000000E+00  2.019908E-06 -1.885317E-07  0.000000E+00  0.000000E+00  0.000000E+00  0.000000E+00
279  7.31824392E-01 -2.500000E+01  0.000000E+00  1.502208E-06 -1.402083E-07  0.000000E+00  0.000000E+00  0.000000E+00  0.000000E+00
280  7.44282041E-01 -2.500000E+01  0.000000E+00  1.113552E-06 -1.039309E-07  0.000000E+00  0.000000E+00  0.000000E+00  0.000000E+00
281  7.56864304E-01 -2.500000E+01  0.000000E+00  8.227557E-07 -7.678840E-08  0.000000E+00  0.000000E+00  0.000000E+00  0.000000E+00
282  7.69571431E-01 -2.500000E+01  0.000000E+00  6.059107E-07 -5.654888E-08  0.000000E+00  0.000000E+00  0.000000E+00  0.000000E+00
283  7.82403669E-01 -2.500000E+01  0.000000E+00  4.447559E-07 -4.150761E-08  0.000000E+00  0.000000E+00  0.000000E+00  0.000000E+00
284  7.95361262E-01 -2.500000E+01  0.000000E+00  3.253929E-07 -3.036719E-08  0.000000E+00  0.000000E+00  0.000000E+00  0.000000E+00
285  8.08444450E-01 -2.500000E+01  0.000000E+00  2.372825E-07 -2.214382E-08  0.000000E+00  0.000000E+00  0.000000E+00  0.000000E+00
286  8.21653472E-01 -2.500000E+01  0.000000E+00  1.724615E-07 -1.609421E-08  0.000000E+00  0.000000E+00  0.000000E+00  0.000000E+00
287  8.34988561E-01 -2.500000E+01  0.000000E+00  1.249355E-07 -1.165880E-08  0.000000E+00  0.000000E+00  0.000000E+00  0.000000E+00
288  8.48449949E-01 -2.500000E+01  0.000000E+00  9.020792E-08 -8.417880E-09  0.000000E+00  0.000000E+00  0.000000E+00  0.000000E+00
289  8.62037865E-01 -2.500000E+01  0.000000E+00  6.491819E-08 -6.057796E-09  0.000000E+00  0.000000E+00  0.000000E+00  0.000000E+00
290  8.75752535E-01 -2.500000E+01  0.000000E+00  4.656388E-08 -4.344978E-09  0.000000E+00  0.000000E+00  0.000000E+00  0.000000E+00
291  8.89594180E-01 -2.500000E+01  0.000000E+00  3.328825E-08 -3.106129E-09  0.000000E+00  0.000000E+00  0.000000E+00  0.000000E+00
292  9.03563023E-01 -2.500000E+01  0.000000E+00  2.371865E-08 -2.213138E-09  0.000000E+00  0.000000E+00  0.000000E+00  0.000000E+00
293  9.17659279E-01 -2.500000E+01  0.000000E+00  1.684397E-08 -1.571638E-09  0.000000E+00  0.000000E+00  0.000000E+00  0.000000E+00
294  9.31883164E-01 -2.500000E+01  0.000000E+00  1.192208E-08 -1.112371E-09  0.000000E+00  0.000000E+00  0.000000E+00  0.000000E+00
295  9.46234889E-01 -2.500000E+01  0.000000E+00  8.410294E-09 -7.846907E-10  0.000000E+00  0.000000E+00  0.000000E+00  0.000000E+00
296  9.60714664E-01 -2.500000E+01  0.000000E+00  5.913165E-09 -5.516921E-10  0.000000E+00  0.000000E+00  0.000000E+00  0.000000E+00
297  9.75322697E-01 -2.500000E+01  0.000000E+00  4.143589E-09 -3.865829E-10  0.000000E+00  0.000000E+00  0.000000E+00  0.000000E+00
298  9.90059191E-01 -2.500000E+01  0.000000E+00  2.893872E-09 -2.699818E-10  0.000000E+00  0.000000E+00  0.000000E+00  0.000000E+00
299  1.00492435E+00 -2.500000E+01  0.000000E+00  2.014310E-09 -1.879188E-10  0.000000E+00  0.000000E+00  0.000000E+00  0.000000E+00
300  1.01991837E+00 -2.500000E+01  0.000000E+00  1.397384E-09 -1.303613E-10  0.000000E+00  0.000000E+00  0.000000E+00  0.000000E+00
301  1.03504145E+00 -2.500000E+01  0.000000E+00  9.661527E-10 -9.012956E-11  0.000000E+00  0.000000E+00  0.000000E+00  0.000000E+00
302  1.05029378E+00 -2.500000E+01  0.000000E+00  6.657558E-10 -6.210475E-11  0.000000E+00  0.000000E+00  0.000000E+00  0.000000E+00
303  1.06567557E+00 -2.500000E+01  0.000000E+00  4.572160E-10 -4.265005E-11  0.000000E+00  0.000000E+00  0.000000E+00  0.000000E+00
304  1.08118698E+00 -2.500000E+01  0.000000E+00  3.129417E-10 -2.919104E-11  0.000000E+00  0.000000E+00  0.000000E+00  0.000000E+00
305  1.09682823E+00 -2.500000E+01  0.000000E+00  2.134713E-10 -1.991193E-11  0.000000E+00  0.000000E+00  0.000000E+00  0.000000E+00
306  1.11259948E+00 -2.500000E+01  0.000000E+00  1.451268E-10 -1.355991E-11  0.000000E+00  0.000000E+00  0.000000E+00  0.000000E+00
307  1.12850093E+00 -2.500000E+01  0.000000E+00  9.833015E-11 -9.118501E-12  0.000000E+00  0.000000E+00  0.000000E+00  0.000000E+00
