#      n =  3
#  kappa = -2
# energy = -9.48612878E+02
#     dn =  1.62558123E-08
#SelfEne =  2.72113860E+32
#     vc = -1.90535344E+03
#  ilast =  431
#    ifm =    0
#    cfm =  0.00000000E+00
#    xfm =  0.00000000E+00
#    rfn =  2.29524072E-01
#    pdx =  1.99465394E+00
#   bqp0 = -2.55397594E-05
#   bqp1 =  0.00000000E+00
#    idx = 2
# LEPTON = 0
#   MASS =  1.00000000E+00
# CHARGE =  1.00000000E+00
#  EUNIT =  2.72113860E+01
#  RUNIT =  4.13413733E+16
#  LUNIT =  5.29177211E-01
#    AMU =  1.82288849E+03
#    FSC =  7.29735257E-03


0    3.84615385E-08 -1.749939E-02 -5.045507E-07  6.186909E-13 -1.580524E-17  0.000000E+00  0.000000E+00  0.000000E+00  0.000000E+00
1    4.21520013E-08 -1.917849E-02 -5.529495E-07  7.427525E-13 -2.080314E-17  0.000000E+00  0.000000E+00  0.000000E+00  0.000000E+00
2    4.61964108E-08 -2.101863E-02 -6.059897E-07  8.917887E-13 -2.737788E-17  0.000000E+00  0.000000E+00  0.000000E+00  0.000000E+00
3    5.06286098E-08 -2.303521E-02 -6.641158E-07  1.070815E-12 -3.602863E-17  0.000000E+00  0.000000E+00  0.000000E+00  0.000000E+00
4    5.54857553E-08 -2.524514E-02 -7.278151E-07  1.285856E-12 -4.741235E-17  0.000000E+00  0.000000E+00  0.000000E+00  0.000000E+00
5    6.08085623E-08 -2.766693E-02 -7.976213E-07  1.544145E-12 -6.239359E-17  0.000000E+00  0.000000E+00  0.000000E+00  0.000000E+00
6    6.66416438E-08 -3.032088E-02 -8.741194E-07  1.854369E-12 -8.211001E-17  0.000000E+00  0.000000E+00  0.000000E+00  0.000000E+00
7    7.30338842E-08 -3.322925E-02 -9.579504E-07  2.226960E-12 -1.080588E-16  0.000000E+00  0.000000E+00  0.000000E+00  0.000000E+00
8    8.00387086E-08 -3.641633E-02 -1.049816E-06  2.674443E-12 -1.422095E-16  0.000000E+00  0.000000E+00  0.000000E+00  0.000000E+00
9    8.77149216E-08 -3.990887E-02 -1.150486E-06  3.211860E-12 -1.871552E-16  0.000000E+00  0.000000E+00  0.000000E+00  0.000000E+00
10   9.61268296E-08 -4.373615E-02 -1.260802E-06  3.857272E-12 -2.463078E-16  0.000000E+00  0.000000E+00  0.000000E+00  0.000000E+00
11   1.05344527E-07 -4.793006E-02 -1.381689E-06  4.632357E-12 -3.241537E-16  0.000000E+00  0.000000E+00  0.000000E+00  0.000000E+00
12   1.15445516E-07 -5.252584E-02 -1.514157E-06  5.563157E-12 -4.266025E-16  0.000000E+00  0.000000E+00  0.000000E+00  0.000000E+00
13   1.26513941E-07 -5.756179E-02 -1.659314E-06  6.680923E-12 -5.614222E-16  0.000000E+00  0.000000E+00  0.000000E+00  0.000000E+00
14   1.38642593E-07 -6.308011E-02 -1.818374E-06  8.023187E-12 -7.388406E-16  0.000000E+00  0.000000E+00  0.000000E+00  0.000000E+00
15   1.51932674E-07 -6.912687E-02 -1.992666E-06  9.635000E-12 -9.723077E-16  0.000000E+00  0.000000E+00  0.000000E+00  0.000000E+00
16   1.66495275E-07 -7.575258E-02 -2.183647E-06  1.157045E-11 -1.279522E-15  0.000000E+00  0.000000E+00  0.000000E+00  0.000000E+00
17   1.82452417E-07 -8.301280E-02 -2.392913E-06  1.389448E-11 -1.683778E-15  0.000000E+00  0.000000E+00  0.000000E+00  0.000000E+00
18   1.99936825E-07 -9.096789E-02 -2.622210E-06  1.668502E-11 -2.215692E-15  0.000000E+00  0.000000E+00  0.000000E+00  0.000000E+00
19   2.19094476E-07 -9.968425E-02 -2.873452E-06  2.003564E-11 -2.915558E-15  0.000000E+00  0.000000E+00  0.000000E+00  0.000000E+00
20   2.40085694E-07 -1.092348E-01 -3.148736E-06  2.405866E-11 -3.836396E-15  0.000000E+00  0.000000E+00  0.000000E+00  0.000000E+00
21   2.63085313E-07 -1.196992E-01 -3.450359E-06  2.888890E-11 -5.047915E-15  0.000000E+00  0.000000E+00  0.000000E+00  0.000000E+00
22   2.88284726E-07 -1.311644E-01 -3.780832E-06  3.468812E-11 -6.641792E-15  0.000000E+00  0.000000E+00  0.000000E+00  0.000000E+00
23   3.15894545E-07 -1.437262E-01 -4.142911E-06  4.165056E-11 -8.738669E-15  0.000000E+00  0.000000E+00  0.000000E+00  0.000000E+00
24   3.46143812E-07 -1.574890E-01 -4.539611E-06  5.000924E-11 -1.149708E-14  0.000000E+00  0.000000E+00  0.000000E+00  0.000000E+00
25   3.79285711E-07 -1.725677E-01 -4.974235E-06  6.004394E-11 -1.512572E-14  0.000000E+00  0.000000E+00  0.000000E+00  0.000000E+00
26   4.15595029E-07 -1.890874E-01 -5.450399E-06  7.209026E-11 -1.989879E-14  0.000000E+00  0.000000E+00  0.000000E+00  0.000000E+00
27   4.55373132E-07 -2.071853E-01 -5.972059E-06  8.655089E-11 -2.617683E-14  0.000000E+00  0.000000E+00  0.000000E+00  0.000000E+00
28   4.98952461E-07 -2.270125E-01 -6.543556E-06  1.039093E-10 -3.443432E-14  0.000000E+00  0.000000E+00  0.000000E+00  0.000000E+00
29   5.46693778E-07 -2.487331E-01 -7.169631E-06  1.247453E-10 -4.529449E-14  0.000000E+00  0.000000E+00  0.000000E+00  0.000000E+00
30   5.98992705E-07 -2.725270E-01 -7.855482E-06  1.497544E-10 -5.957671E-14  0.000000E+00  0.000000E+00  0.000000E+00  0.000000E+00
31   6.56285618E-07 -2.985928E-01 -8.606803E-06  1.797717E-10 -7.835908E-14  0.000000E+00  0.000000E+00  0.000000E+00  0.000000E+00
32   7.19044757E-07 -3.271451E-01 -9.429814E-06  2.157981E-10 -1.030569E-13  0.000000E+00  0.000000E+00  0.000000E+00  0.000000E+00
33   7.87790328E-07 -3.584205E-01 -1.033133E-05  2.590347E-10 -1.355312E-13  0.000000E+00  0.000000E+00  0.000000E+00  0.000000E+00
34   8.63093418E-07 -3.926785E-01 -1.131882E-05  3.109224E-10 -1.782293E-13  0.000000E+00  0.000000E+00  0.000000E+00  0.000000E+00
35   9.45576450E-07 -4.302022E-01 -1.240045E-05  3.731892E-10 -2.343652E-13  0.000000E+00  0.000000E+00  0.000000E+00  0.000000E+00
36   1.03591867E-06 -4.713001E-01 -1.358515E-05  4.479067E-10 -3.081606E-13  0.000000E+00  0.000000E+00  0.000000E+00  0.000000E+00
37   1.13486866E-06 -5.163124E-01 -1.488271E-05  5.375604E-10 -4.051664E-13  0.000000E+00  0.000000E+00  0.000000E+00  0.000000E+00
38   1.24324265E-06 -5.656100E-01 -1.630382E-05  6.451303E-10 -5.326723E-13  0.000000E+00  0.000000E+00  0.000000E+00  0.000000E+00
39   1.36193260E-06 -6.195976E-01 -1.786020E-05  7.741885E-10 -7.002515E-13  0.000000E+00  0.000000E+00  0.000000E+00  0.000000E+00
40   1.49191597E-06 -6.787191E-01 -1.956465E-05  9.290184E-10 -9.204795E-13  0.000000E+00  0.000000E+00  0.000000E+00  0.000000E+00
41   1.63426233E-06 -7.434597E-01 -2.143119E-05  1.114754E-09 -1.209871E-12  0.000000E+00  0.000000E+00  0.000000E+00  0.000000E+00
42   1.79014344E-06 -8.143505E-01 -2.347515E-05  1.337552E-09 -1.590115E-12  0.000000E+00  0.000000E+00  0.000000E+00  0.000000E+00
43   1.96083495E-06 -8.919696E-01 -2.571329E-05  1.604786E-09 -2.089669E-12  0.000000E+00  0.000000E+00  0.000000E+00  0.000000E+00
44   2.14774031E-06 -9.769524E-01 -2.816396E-05  1.925298E-09 -2.745915E-12  0.000000E+00  0.000000E+00  0.000000E+00  0.000000E+00
45   2.35238607E-06 -1.069989E+00 -3.084720E-05  2.309678E-09 -3.607882E-12  0.000000E+00  0.000000E+00  0.000000E+00  0.000000E+00
46   2.57644835E-06 -1.171837E+00 -3.378494E-05  2.770618E-09 -4.739938E-12  0.000000E+00  0.000000E+00  0.000000E+00  0.000000E+00
47   2.82175649E-06 -1.283321E+00 -3.700115E-05  3.323320E-09 -6.226515E-12  0.000000E+00  0.000000E+00  0.000000E+00  0.000000E+00
48   3.09031051E-06 -1.405341E+00 -4.052203E-05  3.985994E-09 -8.178366E-12  0.000000E+00  0.000000E+00  0.000000E+00  0.000000E+00
49   3.38429828E-06 -1.538881E+00 -4.437622E-05  4.780450E-09 -1.074075E-11  0.000000E+00  0.000000E+00  0.000000E+00  0.000000E+00
50   3.70611010E-06 -1.685012E+00 -4.859500E-05  5.732803E-09 -1.410412E-11  0.000000E+00  0.000000E+00  0.000000E+00  0.000000E+00
51   4.05835855E-06 -1.844901E+00 -5.321259E-05  6.874320E-09 -1.851812E-11  0.000000E+00  0.000000E+00  0.000000E+00  0.000000E+00
52   4.44389693E-06 -2.019818E+00 -5.826632E-05  8.242432E-09 -2.430991E-11  0.000000E+00  0.000000E+00  0.000000E+00  0.000000E+00
53   4.86584635E-06 -2.211147E+00 -6.379700E-05  9.881940E-09 -3.190814E-11  0.000000E+00  0.000000E+00  0.000000E+00  0.000000E+00
54   5.32761291E-06 -2.420388E+00 -6.984918E-05  1.184645E-08 -4.187418E-11  0.000000E+00  0.000000E+00  0.000000E+00  0.000000E+00
55   5.83291892E-06 -2.649173E+00 -7.647151E-05  1.420012E-08 -5.494303E-11  0.000000E+00  0.000000E+00  0.000000E+00  0.000000E+00
56   6.38582884E-06 -2.899267E+00 -8.371709E-05  1.701968E-08 -7.207665E-11  0.000000E+00  0.000000E+00  0.000000E+00  0.000000E+00
57   6.99078137E-06 -3.172581E+00 -9.164386E-05  2.039689E-08 -9.453348E-11  0.000000E+00  0.000000E+00  0.000000E+00  0.000000E+00
58   7.65261988E-06 -3.471178E+00 -1.003151E-04  2.444151E-08 -1.239590E-10  0.000000E+00  0.000000E+00  0.000000E+00  0.000000E+00
59   8.37663680E-06 -3.797280E+00 -1.097996E-04  2.928472E-08 -1.625040E-10  0.000000E+00  0.000000E+00  0.000000E+00  0.000000E+00
60   9.16859999E-06 -4.153267E+00 -1.201728E-04  3.508332E-08 -2.129772E-10  0.000000E+00  0.000000E+00  0.000000E+00  0.000000E+00
61   1.00348109E-05 -4.541686E+00 -1.315164E-04  4.202468E-08 -2.790456E-10  0.000000E+00  0.000000E+00  0.000000E+00  0.000000E+00
62   1.09821364E-05 -4.965250E+00 -1.439199E-04  5.033263E-08 -3.654912E-10  0.000000E+00  0.000000E+00  0.000000E+00  0.000000E+00
63   1.20180723E-05 -5.426821E+00 -1.574804E-04  6.027447E-08 -4.785467E-10  0.000000E+00  0.000000E+00  0.000000E+00  0.000000E+00
64   1.31507888E-05 -5.929405E+00 -1.723039E-04  7.216934E-08 -6.263258E-10  0.000000E+00  0.000000E+00  0.000000E+00  0.000000E+00
65   1.43891927E-05 -6.476129E+00 -1.885055E-04  8.639819E-08 -8.193802E-10  0.000000E+00  0.000000E+00  0.000000E+00  0.000000E+00
66   1.57429953E-05 -7.070194E+00 -2.062104E-04  1.034155E-07 -1.071414E-09  0.000000E+00  0.000000E+00  0.000000E+00  0.000000E+00
67   1.72227718E-05 -7.714830E+00 -2.255549E-04  1.237634E-07 -1.400195E-09  0.000000E+00  0.000000E+00  0.000000E+00  0.000000E+00
68   1.88400485E-05 -8.413214E+00 -2.466866E-04  1.480883E-07 -1.828725E-09  0.000000E+00  0.000000E+00  0.000000E+00  0.000000E+00
69   2.06073761E-05 -9.168361E+00 -2.697660E-04  1.771606E-07 -2.386713E-09  0.000000E+00  0.000000E+00  0.000000E+00  0.000000E+00
70   2.25384178E-05 -9.982974E+00 -2.949670E-04  2.118981E-07 -3.112435E-09  0.000000E+00  0.000000E+00  0.000000E+00  0.000000E+00
71   2.46480501E-05 -1.085925E+01 -3.224778E-04  2.533939E-07 -4.055062E-09  0.000000E+00  0.000000E+00  0.000000E+00  0.000000E+00
72   2.69524530E-05 -1.179859E+01 -3.525022E-04  3.029488E-07 -5.277527E-09  0.000000E+00  0.000000E+00  0.000000E+00  0.000000E+00
73   2.94692314E-05 -1.280126E+01 -3.852602E-04  3.621107E-07 -6.860037E-09  0.000000E+00  0.000000E+00  0.000000E+00  0.000000E+00
74   3.22175273E-05 -1.386594E+01 -4.209892E-04  4.327202E-07 -8.904269E-09  0.000000E+00  0.000000E+00  0.000000E+00  0.000000E+00
75   3.52181498E-05 -1.498904E+01 -4.599450E-04  5.169644E-07 -1.153829E-08  0.000000E+00  0.000000E+00  0.000000E+00  0.000000E+00
76   3.84937068E-05 -1.616401E+01 -5.024030E-04  6.174414E-07 -1.492209E-08  0.000000E+00  0.000000E+00  0.000000E+00  0.000000E+00
77   4.20687612E-05 -1.738030E+01 -5.486586E-04  7.372355E-07 -1.925355E-08  0.000000E+00  0.000000E+00  0.000000E+00  0.000000E+00
78   4.59699805E-05 -1.862224E+01 -5.990292E-04  8.800060E-07 -2.477429E-08  0.000000E+00  0.000000E+00  0.000000E+00  0.000000E+00
79   5.02263063E-05 -1.986765E+01 -6.538547E-04  1.050092E-06 -3.177445E-08  0.000000E+00  0.000000E+00  0.000000E+00  0.000000E+00
80   5.48691434E-05 -2.108670E+01 -7.134999E-04  1.252638E-06 -4.059512E-08  0.000000E+00  0.000000E+00  0.000000E+00  0.000000E+00
81   5.99325424E-05 -2.224126E+01 -7.783556E-04  1.493738E-06 -5.162634E-08  0.000000E+00  0.000000E+00  0.000000E+00  0.000000E+00
82   6.54534179E-05 -2.328621E+01 -8.488393E-04  1.780608E-06 -6.529890E-08  0.000000E+00  0.000000E+00  0.000000E+00  0.000000E+00
83   7.14717630E-05 -2.417491E+01 -9.253912E-04  2.121782E-06 -8.207006E-08  0.000000E+00  0.000000E+00  0.000000E+00  0.000000E+00
84   7.80308833E-05 -2.487063E+01 -1.008470E-03  2.527337E-06 -1.024089E-07  0.000000E+00  0.000000E+00  0.000000E+00  0.000000E+00
85   8.51776583E-05 -2.536191E+01 -1.098572E-03  3.009193E-06 -1.267956E-07  0.000000E+00  0.000000E+00  0.000000E+00  0.000000E+00
86   9.29627989E-05 -2.567093E+01 -1.196269E-03  3.581502E-06 -1.557520E-07  0.000000E+00  0.000000E+00  0.000000E+00  0.000000E+00
87   1.01441135E-04 -2.584398E+01 -1.302193E-03  4.261021E-06 -1.899018E-07  0.000000E+00  0.000000E+00  0.000000E+00  0.000000E+00
88   1.10671920E-04 -2.593091E+01 -1.416998E-03  5.067481E-06 -2.300374E-07  0.000000E+00  0.000000E+00  0.000000E+00  0.000000E+00
89   1.20719144E-04 -2.597032E+01 -1.541361E-03  6.024105E-06 -2.771688E-07  0.000000E+00  0.000000E+00  0.000000E+00  0.000000E+00
90   1.31651877E-04 -2.598642E+01 -1.676006E-03  7.158258E-06 -3.325524E-07  0.000000E+00  0.000000E+00  0.000000E+00  0.000000E+00
91   1.43544627E-04 -2.599222E+01 -1.821719E-03  8.502188E-06 -3.977120E-07  0.000000E+00  0.000000E+00  0.000000E+00  0.000000E+00
92   1.56477704E-04 -2.599389E+01 -1.979341E-03  1.009385E-05 -4.744641E-07  0.000000E+00  0.000000E+00  0.000000E+00  0.000000E+00
93   1.70537634E-04 -2.599407E+01 -2.149768E-03  1.197788E-05 -5.649525E-07  0.000000E+00  0.000000E+00  0.000000E+00  0.000000E+00
94   1.85817564E-04 -2.599373E+01 -2.333948E-03  1.420670E-05 -6.716942E-07  0.000000E+00  0.000000E+00  0.000000E+00  0.000000E+00
95   2.02417697E-04 -2.599322E+01 -2.532886E-03  1.684184E-05 -7.976386E-07  0.000000E+00  0.000000E+00  0.000000E+00  0.000000E+00
96   2.20445759E-04 -2.599263E+01 -2.747640E-03  1.995544E-05 -9.462374E-07  0.000000E+00  0.000000E+00  0.000000E+00  0.000000E+00
97   2.40017466E-04 -2.599198E+01 -2.979326E-03  2.363200E-05 -1.121528E-06  0.000000E+00  0.000000E+00  0.000000E+00  0.000000E+00
98   2.61257026E-04 -2.599127E+01 -3.229112E-03  2.797043E-05 -1.328230E-06  0.000000E+00  0.000000E+00  0.000000E+00  0.000000E+00
99   2.84297659E-04 -2.599050E+01 -3.498225E-03  3.308636E-05 -1.571857E-06  0.000000E+00  0.000000E+00  0.000000E+00  0.000000E+00
100  3.09282127E-04 -2.598967E+01 -3.787943E-03  3.911480E-05 -1.858845E-06  0.000000E+00  0.000000E+00  0.000000E+00  0.000000E+00
101  3.36363297E-04 -2.598877E+01 -4.099598E-03  4.621330E-05 -2.196697E-06  0.000000E+00  0.000000E+00  0.000000E+00  0.000000E+00
102  3.65704711E-04 -2.598780E+01 -4.434569E-03  5.456543E-05 -2.594158E-06  0.000000E+00  0.000000E+00  0.000000E+00  0.000000E+00
103  3.97481179E-04 -2.598675E+01 -4.794278E-03  6.438485E-05 -3.061402E-06  0.000000E+00  0.000000E+00  0.000000E+00  0.000000E+00
104  4.31879384E-04 -2.598561E+01 -5.180187E-03  7.591995E-05 -3.610259E-06  0.000000E+00  0.000000E+00  0.000000E+00  0.000000E+00
105  4.69098504E-04 -2.598438E+01 -5.593790E-03  8.945917E-05 -4.254462E-06  0.000000E+00  0.000000E+00  0.000000E+00  0.000000E+00
106  5.09350851E-04 -2.598305E+01 -6.036599E-03  1.053370E-04 -5.009938E-06  0.000000E+00  0.000000E+00  0.000000E+00  0.000000E+00
107  5.52862505E-04 -2.598162E+01 -6.510143E-03  1.239407E-04 -5.895135E-06  0.000000E+00  0.000000E+00  0.000000E+00  0.000000E+00
108  5.99873979E-04 -2.598007E+01 -7.015947E-03  1.457183E-04 -6.931388E-06  0.000000E+00  0.000000E+00  0.000000E+00  0.000000E+00
109  6.50640878E-04 -2.597840E+01 -7.555519E-03  1.711872E-04 -8.143344E-06  0.000000E+00  0.000000E+00  0.000000E+00  0.000000E+00
110  7.05434554E-04 -2.597660E+01 -8.130335E-03  2.009442E-04 -9.559427E-06  0.000000E+00  0.000000E+00  0.000000E+00  0.000000E+00
111  7.64542785E-04 -2.597467E+01 -8.741815E-03  2.356763E-04 -1.121238E-05  0.000000E+00  0.000000E+00  0.000000E+00  0.000000E+00
112  8.28270429E-04 -2.597258E+01 -9.391301E-03  2.761739E-04 -1.313985E-05  0.000000E+00  0.000000E+00  0.000000E+00  0.000000E+00
113  8.96940089E-04 -2.597034E+01 -1.008003E-02  3.233439E-04 -1.538509E-05  0.000000E+00  0.000000E+00  0.000000E+00  0.000000E+00
114  9.70892759E-04 -2.596794E+01 -1.080911E-02  3.782261E-04 -1.799764E-05  0.000000E+00  0.000000E+00  0.000000E+00  0.000000E+00
115  1.05048847E-03 -2.596536E+01 -1.157947E-02  4.420104E-04 -2.103425E-05  0.000000E+00  0.000000E+00  0.000000E+00  0.000000E+00
116  1.13610690E-03 -2.596259E+01 -1.239183E-02  5.160561E-04 -2.455975E-05  0.000000E+00  0.000000E+00  0.000000E+00  0.000000E+00
117  1.22814799E-03 -2.595962E+01 -1.324667E-02  6.019133E-04 -2.864807E-05  0.000000E+00  0.000000E+00  0.000000E+00  0.000000E+00
118  1.32703254E-03 -2.595644E+01 -1.414417E-02  7.013465E-04 -3.338342E-05  0.000000E+00  0.000000E+00  0.000000E+00  0.000000E+00
119  1.43320270E-03 -2.595304E+01 -1.508416E-02  8.163612E-04 -3.886152E-05  0.000000E+00  0.000000E+00  0.000000E+00  0.000000E+00
120  1.54712258E-03 -2.594940E+01 -1.606608E-02  9.492314E-04 -4.519095E-05  0.000000E+00  0.000000E+00  0.000000E+00  0.000000E+00
121  1.66927867E-03 -2.594551E+01 -1.708889E-02  1.102532E-03 -5.249467E-05  0.000000E+00  0.000000E+00  0.000000E+00  0.000000E+00
122  1.80018033E-03 -2.594137E+01 -1.815104E-02  1.279171E-03 -6.091165E-05  0.000000E+00  0.000000E+00  0.000000E+00  0.000000E+00
123  1.94036015E-03 -2.593695E+01 -1.925040E-02  1.482428E-03 -7.059866E-05  0.000000E+00  0.000000E+00  0.000000E+00  0.000000E+00
124  2.09037436E-03 -2.593224E+01 -2.038415E-02  1.715995E-03 -8.173214E-05  0.000000E+00  0.000000E+00  0.000000E+00  0.000000E+00
125  2.25080312E-03 -2.592724E+01 -2.154877E-02  1.984013E-03 -9.451032E-05  0.000000E+00  0.000000E+00  0.000000E+00  0.000000E+00
126  2.42225077E-03 -2.592192E+01 -2.273991E-02  2.291126E-03 -1.091554E-04  0.000000E+00  0.000000E+00  0.000000E+00  0.000000E+00
127  2.60534602E-03 -2.591627E+01 -2.395236E-02  2.642524E-03 -1.259159E-04  0.000000E+00  0.000000E+00  0.000000E+00  0.000000E+00
128  2.80074214E-03 -2.591028E+01 -2.517994E-02  3.043995E-03 -1.450691E-04  0.000000E+00  0.000000E+00  0.000000E+00  0.000000E+00
129  3.00911699E-03 -2.590394E+01 -2.641544E-02  3.501981E-03 -1.669240E-04  0.000000E+00  0.000000E+00  0.000000E+00  0.000000E+00
130  3.23117308E-03 -2.589722E+01 -2.765056E-02  4.023635E-03 -1.918236E-04  0.000000E+00  0.000000E+00  0.000000E+00  0.000000E+00
131  3.46763749E-03 -2.589013E+01 -2.887581E-02  4.616877E-03 -2.201481E-04  0.000000E+00  0.000000E+00  0.000000E+00  0.000000E+00
132  3.71926180E-03 -2.588265E+01 -3.008050E-02  5.290459E-03 -2.523179E-04  0.000000E+00  0.000000E+00  0.000000E+00  0.000000E+00
133  3.98682188E-03 -2.587475E+01 -3.125266E-02  6.054021E-03 -2.887967E-04  0.000000E+00  0.000000E+00  0.000000E+00  0.000000E+00
134  4.27111767E-03 -2.586645E+01 -3.237900E-02  6.918164E-03 -3.300943E-04  0.000000E+00  0.000000E+00  0.000000E+00  0.000000E+00
135  4.57297288E-03 -2.585771E+01 -3.344487E-02  7.894505E-03 -3.767704E-04  0.000000E+00  0.000000E+00  0.000000E+00  0.000000E+00
136  4.89323459E-03 -2.584854E+01 -3.443429E-02  8.995742E-03 -4.294371E-04  0.000000E+00  0.000000E+00  0.000000E+00  0.000000E+00
137  5.23277284E-03 -2.583893E+01 -3.532992E-02  1.023572E-02 -4.887626E-04  0.000000E+00  0.000000E+00  0.000000E+00  0.000000E+00
138  5.59248014E-03 -2.582886E+01 -3.611310E-02  1.162949E-02 -5.554741E-04  0.000000E+00  0.000000E+00  0.000000E+00  0.000000E+00
139  5.97327087E-03 -2.581833E+01 -3.676390E-02  1.319336E-02 -6.303606E-04  0.000000E+00  0.000000E+00  0.000000E+00  0.000000E+00
140  6.37608073E-03 -2.580734E+01 -3.726117E-02  1.494495E-02 -7.142756E-04  0.000000E+00  0.000000E+00  0.000000E+00  0.000000E+00
141  6.80186603E-03 -2.579589E+01 -3.758270E-02  1.690323E-02 -8.081401E-04  0.000000E+00  0.000000E+00  0.000000E+00  0.000000E+00
142  7.25160295E-03 -2.578397E+01 -3.770529E-02  1.908860E-02 -9.129444E-04  0.000000E+00  0.000000E+00  0.000000E+00  0.000000E+00
143  7.72628684E-03 -2.577157E+01 -3.760491E-02  2.152284E-02 -1.029750E-03  0.000000E+00  0.000000E+00  0.000000E+00  0.000000E+00
144  8.22693133E-03 -2.575872E+01 -3.725694E-02  2.422921E-02 -1.159691E-03  0.000000E+00  0.000000E+00  0.000000E+00  0.000000E+00
145  8.75456754E-03 -2.574540E+01 -3.663633E-02  2.723242E-02 -1.303975E-03  0.000000E+00  0.000000E+00  0.000000E+00  0.000000E+00
146  9.31024314E-03 -2.573163E+01 -3.571787E-02  3.055862E-02 -1.463884E-03  0.000000E+00  0.000000E+00  0.000000E+00  0.000000E+00
147  9.89502148E-03 -2.571741E+01 -3.447646E-02  3.423539E-02 -1.640773E-03  0.000000E+00  0.000000E+00  0.000000E+00  0.000000E+00
148  1.05099806E-02 -2.570275E+01 -3.288739E-02  3.829170E-02 -1.836070E-03  0.000000E+00  0.000000E+00  0.000000E+00  0.000000E+00
149  1.11562122E-02 -2.568767E+01 -3.092667E-02  4.275783E-02 -2.051273E-03  0.000000E+00  0.000000E+00  0.000000E+00  0.000000E+00
150  1.18348208E-02 -2.567219E+01 -2.857137E-02  4.766533E-02 -2.287947E-03  0.000000E+00  0.000000E+00  0.000000E+00  0.000000E+00
151  1.25469227E-02 -2.565631E+01 -2.579991E-02  5.304688E-02 -2.547723E-03  0.000000E+00  0.000000E+00  0.000000E+00  0.000000E+00
152  1.32936448E-02 -2.564007E+01 -2.259248E-02  5.893619E-02 -2.832288E-03  0.000000E+00  0.000000E+00  0.000000E+00  0.000000E+00
153  1.40761238E-02 -2.562348E+01 -1.893129E-02  6.536781E-02 -3.143384E-03  0.000000E+00  0.000000E+00  0.000000E+00  0.000000E+00
154  1.48955048E-02 -2.560656E+01 -1.480098E-02  7.237700E-02 -3.482799E-03  0.000000E+00  0.000000E+00  0.000000E+00  0.000000E+00
155  1.57529410E-02 -2.558936E+01 -1.018886E-02  7.999946E-02 -3.852357E-03  0.000000E+00  0.000000E+00  0.000000E+00  0.000000E+00
156  1.66495919E-02 -2.557188E+01 -5.085256E-03  8.827114E-02 -4.253910E-03  0.000000E+00  0.000000E+00  0.000000E+00  0.000000E+00
157  1.75866226E-02 -2.555418E+01  5.163179E-04  9.722796E-02 -4.689330E-03  0.000000E+00  0.000000E+00  0.000000E+00  0.000000E+00
158  1.85652031E-02 -2.553627E+01  6.247095E-03  1.069055E-01 -5.160497E-03  0.000000E+00  0.000000E+00  0.000000E+00  0.000000E+00
159  1.95865069E-02 -2.551820E+01  1.178096E-02  1.173386E-01 -5.669301E-03  0.000000E+00  0.000000E+00  0.000000E+00  0.000000E+00
160  2.06517101E-02 -2.550000E+01  1.708186E-02  1.285611E-01 -6.217620E-03  0.000000E+00  0.000000E+00  0.000000E+00  0.000000E+00
161  2.17619907E-02 -2.548171E+01  2.212710E-02  1.406055E-01 -6.807298E-03  0.000000E+00  0.000000E+00  0.000000E+00  0.000000E+00
162  2.29185275E-02 -2.546337E+01  2.689540E-02  1.535022E-01 -7.440132E-03  0.000000E+00  0.000000E+00  0.000000E+00  0.000000E+00
163  2.41224993E-02 -2.544502E+01  3.136715E-02  1.672796E-01 -8.117849E-03  0.000000E+00  0.000000E+00  0.000000E+00  0.000000E+00
164  2.53750840E-02 -2.542670E+01  3.552468E-02  1.819629E-01 -8.842092E-03  0.000000E+00  0.000000E+00  0.000000E+00  0.000000E+00
165  2.66774576E-02 -2.540845E+01  3.935247E-02  1.975745E-01 -9.614396E-03  0.000000E+00  0.000000E+00  0.000000E+00  0.000000E+00
166  2.80307940E-02 -2.539031E+01  4.283737E-02  2.141325E-01 -1.043617E-02  0.000000E+00  0.000000E+00  0.000000E+00  0.000000E+00
167  2.94362633E-02 -2.537232E+01  4.596876E-02  2.316510E-01 -1.130867E-02  0.000000E+00  0.000000E+00  0.000000E+00  0.000000E+00
168  3.08950319E-02 -2.535453E+01  4.873873E-02  2.501390E-01 -1.223299E-02  0.000000E+00  0.000000E+00  0.000000E+00  0.000000E+00
169  3.24082615E-02 -2.533698E+01  5.114217E-02  2.696002E-01 -1.321002E-02  0.000000E+00  0.000000E+00  0.000000E+00  0.000000E+00
170  3.39771082E-02 -2.531969E+01  5.317687E-02  2.900323E-01 -1.424044E-02  0.000000E+00  0.000000E+00  0.000000E+00  0.000000E+00
171  3.56027222E-02 -2.530272E+01  5.484352E-02  3.114262E-01 -1.532468E-02  0.000000E+00  0.000000E+00  0.000000E+00  0.000000E+00
172  3.72862471E-02 -2.528609E+01  5.614574E-02  3.337659E-01 -1.646291E-02  0.000000E+00  0.000000E+00  0.000000E+00  0.000000E+00
173  3.90288194E-02 -2.526983E+01  5.709002E-02  3.570280E-01 -1.765502E-02  0.000000E+00  0.000000E+00  0.000000E+00  0.000000E+00
174  4.08315678E-02 -2.525399E+01  5.768563E-02  3.811807E-01 -1.890057E-02  0.000000E+00  0.000000E+00  0.000000E+00  0.000000E+00
175  4.26956127E-02 -2.523859E+01  5.794450E-02  4.061837E-01 -2.019880E-02  0.000000E+00  0.000000E+00  0.000000E+00  0.000000E+00
176  4.46220661E-02 -2.522365E+01  5.788105E-02  4.319878E-01 -2.154861E-02  0.000000E+00  0.000000E+00  0.000000E+00  0.000000E+00
177  4.66120306E-02 -2.520920E+01  5.751197E-02  4.585345E-01 -2.294850E-02  0.000000E+00  0.000000E+00  0.000000E+00  0.000000E+00
178  4.86665997E-02 -2.519526E+01  5.685602E-02  4.857555E-01 -2.439661E-02  0.000000E+00  0.000000E+00  0.000000E+00  0.000000E+00
179  5.07868568E-02 -2.518185E+01  5.593373E-02  5.135727E-01 -2.589065E-02  0.000000E+00  0.000000E+00  0.000000E+00  0.000000E+00
180  5.29738751E-02 -2.516898E+01  5.476715E-02  5.418978E-01 -2.742792E-02  0.000000E+00  0.000000E+00  0.000000E+00  0.000000E+00
181  5.52287174E-02 -2.515666E+01  5.337952E-02  5.706325E-01 -2.900530E-02  0.000000E+00  0.000000E+00  0.000000E+00  0.000000E+00
182  5.75524357E-02 -2.514491E+01  5.179497E-02  5.996680E-01 -3.061923E-02  0.000000E+00  0.000000E+00  0.000000E+00  0.000000E+00
183  5.99460711E-02 -2.513372E+01  5.003822E-02  6.288856E-01 -3.226569E-02  0.000000E+00  0.000000E+00  0.000000E+00  0.000000E+00
184  6.24106534E-02 -2.512310E+01  4.813421E-02  6.581567E-01 -3.394025E-02  0.000000E+00  0.000000E+00  0.000000E+00  0.000000E+00
185  6.49472008E-02 -2.511306E+01  4.610786E-02  6.873427E-01 -3.563802E-02  0.000000E+00  0.000000E+00  0.000000E+00  0.000000E+00
186  6.75567202E-02 -2.510358E+01  4.398370E-02  7.162960E-01 -3.735367E-02  0.000000E+00  0.000000E+00  0.000000E+00  0.000000E+00
187  7.02402066E-02 -2.509465E+01  4.178566E-02  7.448601E-01 -3.908147E-02  0.000000E+00  0.000000E+00  0.000000E+00  0.000000E+00
188  7.29986430E-02 -2.508628E+01  3.953675E-02  7.728702E-01 -4.081528E-02  0.000000E+00  0.000000E+00  0.000000E+00  0.000000E+00
189  7.58330007E-02 -2.507845E+01  3.725886E-02  8.001542E-01 -4.254856E-02  0.000000E+00  0.000000E+00  0.000000E+00  0.000000E+00
190  7.87442386E-02 -2.507115E+01  3.497256E-02  8.265331E-01 -4.427441E-02  0.000000E+00  0.000000E+00  0.000000E+00  0.000000E+00
191  8.17333037E-02 -2.506436E+01  3.269689E-02  8.518225E-01 -4.598560E-02  0.000000E+00  0.000000E+00  0.000000E+00  0.000000E+00
192  8.48011307E-02 -2.505806E+01  3.044930E-02  8.758330E-01 -4.767461E-02  0.000000E+00  0.000000E+00  0.000000E+00  0.000000E+00
193  8.79486421E-02 -2.505224E+01  2.824545E-02  8.983718E-01 -4.933363E-02  0.000000E+00  0.000000E+00  0.000000E+00  0.000000E+00
194  9.11767483E-02 -2.504688E+01  2.609922E-02  9.192439E-01 -5.095465E-02  0.000000E+00  0.000000E+00  0.000000E+00  0.000000E+00
195  9.44863471E-02 -2.504195E+01  2.402262E-02  9.382531E-01 -5.252948E-02  0.000000E+00  0.000000E+00  0.000000E+00  0.000000E+00
196  9.78783244E-02 -2.503743E+01  2.202583E-02  9.552039E-01 -5.404978E-02  0.000000E+00  0.000000E+00  0.000000E+00  0.000000E+00
197  1.01353554E-01 -2.503331E+01  2.011720E-02  9.699024E-01 -5.550717E-02  0.000000E+00  0.000000E+00  0.000000E+00  0.000000E+00
198  1.04912897E-01 -2.502956E+01  1.830330E-02  9.821584E-01 -5.689323E-02  0.000000E+00  0.000000E+00  0.000000E+00  0.000000E+00
199  1.08557202E-01 -2.502616E+01  1.658902E-02  9.917865E-01 -5.819958E-02  0.000000E+00  0.000000E+00  0.000000E+00  0.000000E+00
200  1.12287308E-01 -2.502308E+01  1.497766E-02  9.986082E-01 -5.941795E-02  0.000000E+00  0.000000E+00  0.000000E+00  0.000000E+00
201  1.16104039E-01 -2.502031E+01  1.347101E-02  1.002453E+00 -6.054020E-02  0.000000E+00  0.000000E+00  0.000000E+00  0.000000E+00
202  1.20008208E-01 -2.501781E+01  1.206955E-02  1.003160E+00 -6.155846E-02  0.000000E+00  0.000000E+00  0.000000E+00  0.000000E+00
203  1.24000617E-01 -2.501558E+01  1.077252E-02  1.000579E+00 -6.246571E-02  0.000000E+00  0.000000E+00  0.000000E+00  0.000000E+00
204  1.28082056E-01 -2.501358E+01  9.578102E-03  9.945760E-01 -6.325417E-02  0.000000E+00  0.000000E+00  0.000000E+00  0.000000E+00
205  1.32253303E-01 -2.501181E+01  8.483553E-03  9.850276E-01 -6.391698E-02  0.000000E+00  0.000000E+00  0.000000E+00  0.000000E+00
206  1.36515124E-01 -2.501023E+01  7.485353E-03  9.718281E-01 -6.444779E-02  0.000000E+00  0.000000E+00  0.000000E+00  0.000000E+00
207  1.40868274E-01 -2.500884E+01  6.579347E-03  9.548891E-01 -6.484076E-02  0.000000E+00  0.000000E+00  0.000000E+00  0.000000E+00
208  1.45313497E-01 -2.500762E+01  5.760882E-03  9.341403E-01 -6.509064E-02  0.000000E+00  0.000000E+00  0.000000E+00  0.000000E+00
209  1.49851526E-01 -2.500654E+01  5.024933E-03  9.095314E-01 -6.519281E-02  0.000000E+00  0.000000E+00  0.000000E+00  0.000000E+00
210  1.54483082E-01 -2.500560E+01  4.366226E-03  8.810323E-01 -6.514338E-02  0.000000E+00  0.000000E+00  0.000000E+00  0.000000E+00
211  1.59208877E-01 -2.500478E+01  3.779340E-03  8.486349E-01 -6.493913E-02  0.000000E+00  0.000000E+00  0.000000E+00  0.000000E+00
212  1.64029608E-01 -2.500406E+01  3.258809E-03  8.123528E-01 -6.457766E-02  0.000000E+00  0.000000E+00  0.000000E+00  0.000000E+00
213  1.68945966E-01 -2.500345E+01  2.799201E-03  7.722226E-01 -6.405736E-02  0.000000E+00  0.000000E+00  0.000000E+00  0.000000E+00
214  1.73958630E-01 -2.500291E+01  2.395194E-03  7.283039E-01 -6.337744E-02  0.000000E+00  0.000000E+00  0.000000E+00  0.000000E+00
215  1.79068266E-01 -2.500245E+01  2.041633E-03  6.806794E-01 -6.253797E-02  0.000000E+00  0.000000E+00  0.000000E+00  0.000000E+00
216  1.84275534E-01 -2.500206E+01  1.733582E-03  6.294549E-01 -6.153989E-02  0.000000E+00  0.000000E+00  0.000000E+00  0.000000E+00
217  1.89581081E-01 -2.500172E+01  1.466356E-03  5.747594E-01 -6.038502E-02  0.000000E+00  0.000000E+00  0.000000E+00  0.000000E+00
218  1.94985545E-01 -2.500144E+01  1.235556E-03  5.167442E-01 -5.907602E-02  0.000000E+00  0.000000E+00  0.000000E+00  0.000000E+00
219  2.00489553E-01 -2.500120E+01  1.037079E-03  4.555825E-01 -5.761646E-02  0.000000E+00  0.000000E+00  0.000000E+00  0.000000E+00
220  2.06093724E-01 -2.500099E+01  8.671346E-04  3.914685E-01 -5.601073E-02  0.000000E+00  0.000000E+00  0.000000E+00  0.000000E+00
221  2.11798667E-01 -2.500082E+01  7.222474E-04  3.246166E-01 -5.426406E-02  0.000000E+00  0.000000E+00  0.000000E+00  0.000000E+00
222  2.17604981E-01 -2.500067E+01  5.992513E-04  2.552598E-01 -5.238250E-02  0.000000E+00  0.000000E+00  0.000000E+00  0.000000E+00
223  2.23513255E-01 -2.500055E+01  4.952841E-04  1.836488E-01 -5.037283E-02  0.000000E+00  0.000000E+00  0.000000E+00  0.000000E+00
224  2.29524072E-01 -2.500045E+01  4.077756E-04  1.100502E-01 -4.824259E-02  0.000000E+00  0.000000E+00  0.000000E+00  0.000000E+00
225  2.35638002E-01 -2.500037E+01  3.344325E-04  3.474496E-02 -4.599998E-02  0.000000E+00  0.000000E+00  0.000000E+00  0.000000E+00
226  2.41855610E-01 -2.500030E+01  2.732216E-04 -4.197366E-02 -4.365382E-02  0.000000E+00  0.000000E+00  0.000000E+00  0.000000E+00
227  2.48177448E-01 -2.500024E+01  2.223514E-04 -1.198017E-01 -4.121352E-02  0.000000E+00  0.000000E+00  0.000000E+00  0.000000E+00
228  2.54604064E-01 -2.500019E+01  1.802527E-04 -1.984266E-01 -3.868896E-02  0.000000E+00  0.000000E+00  0.000000E+00  0.000000E+00
229  2.61135995E-01 -2.500016E+01  1.455591E-04 -2.775295E-01 -3.609047E-02  0.000000E+00  0.000000E+00  0.000000E+00  0.000000E+00
230  2.67773770E-01 -2.500012E+01  1.170879E-04 -3.567871E-01 -3.342875E-02  0.000000E+00  0.000000E+00  0.000000E+00  0.000000E+00
231  2.74517910E-01 -2.500010E+01  9.382062E-05 -4.358742E-01 -3.071479E-02  0.000000E+00  0.000000E+00  0.000000E+00  0.000000E+00
232  2.81368928E-01 -2.500008E+01  7.488535E-05 -5.144656E-01 -2.795979E-02  0.000000E+00  0.000000E+00  0.000000E+00  0.000000E+00
233  2.88327330E-01 -2.500006E+01  5.953968E-05 -5.922385E-01 -2.517508E-02  0.000000E+00  0.000000E+00  0.000000E+00  0.000000E+00
234  2.95393612E-01 -2.500005E+01  4.715480E-05 -6.688745E-01 -2.237208E-02  0.000000E+00  0.000000E+00  0.000000E+00  0.000000E+00
235  3.02568265E-01 -2.500004E+01  3.720092E-05 -7.440621E-01 -1.956216E-02  0.000000E+00  0.000000E+00  0.000000E+00  0.000000E+00
236  3.09851772E-01 -2.500003E+01  2.923401E-05 -8.174985E-01 -1.675662E-02  0.000000E+00  0.000000E+00  0.000000E+00  0.000000E+00
237  3.17244607E-01 -2.500002E+01  2.288383E-05 -8.888917E-01 -1.396659E-02  0.000000E+00  0.000000E+00  0.000000E+00  0.000000E+00
238  3.24747238E-01 -2.500002E+01  1.784321E-05 -9.579623E-01 -1.120297E-02  0.000000E+00  0.000000E+00  0.000000E+00  0.000000E+00
239  3.32360126E-01 -2.500001E+01  1.385860E-05 -1.024445E+00 -8.476339E-03  0.000000E+00  0.000000E+00  0.000000E+00  0.000000E+00
240  3.40083725E-01 -2.500001E+01  1.072178E-05 -1.088092E+00 -5.796903E-03  0.000000E+00  0.000000E+00  0.000000E+00  0.000000E+00
241  3.47918482E-01 -2.500001E+01  8.262528E-06 -1.148672E+00 -3.174438E-03  0.000000E+00  0.000000E+00  0.000000E+00  0.000000E+00
242  3.55864838E-01 -2.500001E+01  6.342438E-06 -1.205972E+00 -6.182278E-04  0.000000E+00  0.000000E+00  0.000000E+00  0.000000E+00
243  3.63923225E-01 -2.500000E+01  4.849476E-06 -1.259800E+00  1.862993E-03  0.000000E+00  0.000000E+00  0.000000E+00  0.000000E+00
244  3.72094072E-01 -2.500000E+01  3.693403E-06 -1.309986E+00  4.261079E-03  0.000000E+00  0.000000E+00  0.000000E+00  0.000000E+00
245  3.80377799E-01 -2.500000E+01  2.801881E-06 -1.356380E+00  6.568519E-03  0.000000E+00  0.000000E+00  0.000000E+00  0.000000E+00
246  3.88774820E-01 -2.500000E+01  2.117200E-06 -1.398855E+00  8.778469E-03  0.000000E+00  0.000000E+00  0.000000E+00  0.000000E+00
247  3.97285545E-01 -2.500000E+01  1.593533E-06 -1.437309E+00  1.088478E-02  0.000000E+00  0.000000E+00  0.000000E+00  0.000000E+00
248  4.05910376E-01 -2.500000E+01  1.194662E-06 -1.471661E+00  1.288204E-02  0.000000E+00  0.000000E+00  0.000000E+00  0.000000E+00
249  4.14649708E-01 -2.500000E+01  8.920947E-07 -1.501854E+00  1.476555E-02  0.000000E+00  0.000000E+00  0.000000E+00  0.000000E+00
250  4.23503934E-01 -2.500000E+01  6.635245E-07 -1.527854E+00  1.653136E-02  0.000000E+00  0.000000E+00  0.000000E+00  0.000000E+00
251  4.32473437E-01 -2.500000E+01  4.915642E-07 -1.549650E+00  1.817629E-02  0.000000E+00  0.000000E+00  0.000000E+00  0.000000E+00
252  4.41558597E-01 -2.500000E+01  3.627257E-07 -1.567253E+00  1.969789E-02  0.000000E+00  0.000000E+00  0.000000E+00  0.000000E+00
253  4.50759788E-01 -2.500000E+01  2.665929E-07 -1.580696E+00  2.109446E-02  0.000000E+00  0.000000E+00  0.000000E+00  0.000000E+00
254  4.60077379E-01 -2.500000E+01  1.951589E-07 -1.590032E+00  2.236502E-02  0.000000E+00  0.000000E+00  0.000000E+00  0.000000E+00
255  4.69511732E-01 -2.500000E+01  1.422966E-07 -1.595335E+00  2.350931E-02  0.000000E+00  0.000000E+00  0.000000E+00  0.000000E+00
256  4.79063206E-01 -2.500000E+01  1.033391E-07 -1.596698E+00  2.452775E-02  0.000000E+00  0.000000E+00  0.000000E+00  0.000000E+00
257  4.88732153E-01 -2.500000E+01  7.474728E-08 -1.594230E+00  2.542139E-02  0.000000E+00  0.000000E+00  0.000000E+00  0.000000E+00
258  4.98518921E-01 -2.500000E+01  5.384980E-08 -1.588058E+00  2.619195E-02  0.000000E+00  0.000000E+00  0.000000E+00  0.000000E+00
259  5.08423852E-01 -2.500000E+01  3.863916E-08 -1.578323E+00  2.684169E-02  0.000000E+00  0.000000E+00  0.000000E+00  0.000000E+00
260  5.18447285E-01 -2.500000E+01  2.761359E-08 -1.565181E+00  2.737346E-02  0.000000E+00  0.000000E+00  0.000000E+00  0.000000E+00
261  5.28589552E-01 -2.500000E+01  1.965472E-08 -1.548798E+00  2.779059E-02  0.000000E+00  0.000000E+00  0.000000E+00  0.000000E+00
262  5.38850983E-01 -2.500000E+01  1.393336E-08 -1.529351E+00  2.809687E-02  0.000000E+00  0.000000E+00  0.000000E+00  0.000000E+00
263  5.49231900E-01 -2.500000E+01  9.837557E-09 -1.507028E+00  2.829653E-02  0.000000E+00  0.000000E+00  0.000000E+00  0.000000E+00
264  5.59732624E-01 -2.500000E+01  6.917638E-09 -1.482021E+00  2.839415E-02  0.000000E+00  0.000000E+00  0.000000E+00  0.000000E+00
265  5.70353468E-01 -2.500000E+01  4.844662E-09 -1.454532E+00  2.839463E-02  0.000000E+00  0.000000E+00  0.000000E+00  0.000000E+00
266  5.81094745E-01 -2.500000E+01  3.379107E-09 -1.424763E+00  2.830316E-02  0.000000E+00  0.000000E+00  0.000000E+00  0.000000E+00
267  5.91956759E-01 -2.500000E+01  2.347303E-09 -1.392922E+00  2.812514E-02  0.000000E+00  0.000000E+00  0.000000E+00  0.000000E+00
268  6.02939812E-01 -2.500000E+01  1.623910E-09 -1.359218E+00  2.786616E-02  0.000000E+00  0.000000E+00  0.000000E+00  0.000000E+00
269  6.14044204E-01 -2.500000E+01  1.118860E-09 -1.323857E+00  2.753192E-02  0.000000E+00  0.000000E+00  0.000000E+00  0.000000E+00
270  6.25270226E-01 -2.500000E+01  7.677343E-10 -1.287048E+00  2.712825E-02  0.000000E+00  0.000000E+00  0.000000E+00  0.000000E+00
271  6.36618170E-01 -2.500000E+01  5.246363E-10 -1.248995E+00  2.666098E-02  0.000000E+00  0.000000E+00  0.000000E+00  0.000000E+00
272  6.48088321E-01 -2.500000E+01  3.570406E-10 -1.209897E+00  2.613598E-02  0.000000E+00  0.000000E+00  0.000000E+00  0.000000E+00
273  6.59680961E-01 -2.500000E+01  2.419824E-10 -1.169951E+00  2.555905E-02  0.000000E+00  0.000000E+00  0.000000E+00  0.000000E+00
274  6.71396368E-01 -2.500000E+01  1.633254E-10 -1.129347E+00  2.493595E-02  0.000000E+00  0.000000E+00  0.000000E+00  0.000000E+00
275  6.83234816E-01 -2.500000E+01  1.097824E-10 -1.088268E+00  2.427233E-02  0.000000E+00  0.000000E+00  0.000000E+00  0.000000E+00
276  6.95196578E-01 -2.500000E+01  0.000000E+00 -1.046888E+00  2.357368E-02  0.000000E+00  0.000000E+00  0.000000E+00  0.000000E+00
277  7.07281919E-01 -2.500000E+01  0.000000E+00 -1.005377E+00  2.284535E-02  0.000000E+00  0.000000E+00  0.000000E+00  0.000000E+00
278  7.19491103E-01 -2.500000E+01  0.000000E+00 -9.638911E-01  2.209250E-02  0.000000E+00  0.000000E+00  0.000000E+00  0.000000E+00
279  7.31824392E-01 -2.500000E+01  0.000000E+00 -9.225808E-01  2.132008E-02  0.000000E+00  0.000000E+00  0.000000E+00  0.000000E+00
280  7.44282041E-01 -2.500000E+01  0.000000E+00 -8.815854E-01  2.053281E-02  0.000000E+00  0.000000E+00  0.000000E+00  0.000000E+00
281  7.56864304E-01 -2.500000E+01  0.000000E+00 -8.410345E-01  1.973515E-02  0.000000E+00  0.000000E+00  0.000000E+00  0.000000E+00
282  7.69571431E-01 -2.500000E+01  0.000000E+00 -8.010475E-01  1.893133E-02  0.000000E+00  0.000000E+00  0.000000E+00  0.000000E+00
283  7.82403669E-01 -2.500000E+01  0.000000E+00 -7.617335E-01  1.812529E-02  0.000000E+00  0.000000E+00  0.000000E+00  0.000000E+00
284  7.95361262E-01 -2.500000E+01  0.000000E+00 -7.231914E-01  1.732072E-02  0.000000E+00  0.000000E+00  0.000000E+00  0.000000E+00
285  8.08444450E-01 -2.500000E+01  0.000000E+00 -6.855098E-01  1.652101E-02  0.000000E+00  0.000000E+00  0.000000E+00  0.000000E+00
286  8.21653472E-01 -2.500000E+01  0.000000E+00 -6.487671E-01  1.572928E-02  0.000000E+00  0.000000E+00  0.000000E+00  0.000000E+00
287  8.34988561E-01 -2.500000E+01  0.000000E+00 -6.130321E-01  1.494836E-02  0.000000E+00  0.000000E+00  0.000000E+00  0.000000E+00
288  8.48449949E-01 -2.500000E+01  0.000000E+00 -5.783635E-01  1.418082E-02  0.000000E+00  0.000000E+00  0.000000E+00  0.000000E+00
289  8.62037865E-01 -2.500000E+01  0.000000E+00 -5.448109E-01  1.342894E-02  0.000000E+00  0.000000E+00  0.000000E+00  0.000000E+00
290  8.75752535E-01 -2.500000E+01  0.000000E+00 -5.124150E-01  1.269475E-02  0.000000E+00  0.000000E+00  0.000000E+00  0.000000E+00
291  8.89594180E-01 -2.500000E+01  0.000000E+00 -4.812077E-01  1.197999E-02  0.000000E+00  0.000000E+00  0.000000E+00  0.000000E+00
292  9.03563023E-01 -2.500000E+01  0.000000E+00 -4.512129E-01  1.128619E-02  0.000000E+00  0.000000E+00  0.000000E+00  0.000000E+00
293  9.17659279E-01 -2.500000E+01  0.000000E+00 -4.224467E-01  1.061461E-02  0.000000E+00  0.000000E+00  0.000000E+00  0.000000E+00
294  9.31883164E-01 -2.500000E+01  0.000000E+00 -3.949181E-01  9.966291E-03  0.000000E+00  0.000000E+00  0.000000E+00  0.000000E+00
295  9.46234889E-01 -2.500000E+01  0.000000E+00 -3.686293E-01  9.342067E-03  0.000000E+00  0.000000E+00  0.000000E+00  0.000000E+00
296  9.60714664E-01 -2.500000E+01  0.000000E+00 -3.435765E-01  8.742557E-03  0.000000E+00  0.000000E+00  0.000000E+00  0.000000E+00
297  9.75322697E-01 -2.500000E+01  0.000000E+00 -3.197499E-01  8.168194E-03  0.000000E+00  0.000000E+00  0.000000E+00  0.000000E+00
298  9.90059191E-01 -2.500000E+01  0.000000E+00 -2.971348E-01  7.619236E-03  0.000000E+00  0.000000E+00  0.000000E+00  0.000000E+00
299  1.00492435E+00 -2.500000E+01  0.000000E+00 -2.757119E-01  7.095779E-03  0.000000E+00  0.000000E+00  0.000000E+00  0.000000E+00
300  1.01991837E+00 -2.500000E+01  0.000000E+00 -2.554575E-01  6.597767E-03  0.000000E+00  0.000000E+00  0.000000E+00  0.000000E+00
301  1.03504145E+00 -2.500000E+01  0.000000E+00 -2.363445E-01  6.125014E-03  0.000000E+00  0.000000E+00  0.000000E+00  0.000000E+00
302  1.05029378E+00 -2.500000E+01  0.000000E+00 -2.183425E-01  5.677211E-03  0.000000E+00  0.000000E+00  0.000000E+00  0.000000E+00
303  1.06567557E+00 -2.500000E+01  0.000000E+00 -2.014185E-01  5.253942E-03  0.000000E+00  0.000000E+00  0.000000E+00  0.000000E+00
304  1.08118698E+00 -2.500000E+01  0.000000E+00 -1.855371E-01  4.854694E-03  0.000000E+00  0.000000E+00  0.000000E+00  0.000000E+00
305  1.09682823E+00 -2.500000E+01  0.000000E+00 -1.706611E-01  4.478875E-03  0.000000E+00  0.000000E+00  0.000000E+00  0.000000E+00
306  1.11259948E+00 -2.500000E+01  0.000000E+00 -1.567518E-01  4.125819E-03  0.000000E+00  0.000000E+00  0.000000E+00  0.000000E+00
307  1.12850093E+00 -2.500000E+01  0.000000E+00 -1.437696E-01  3.794804E-03  0.000000E+00  0.000000E+00  0.000000E+00  0.000000E+00
308  1.14453276E+00 -2.500000E+01  0.000000E+00 -1.316738E-01  3.485057E-03  0.000000E+00  0.000000E+00  0.000000E+00  0.000000E+00
309  1.16069514E+00 -2.500000E+01  0.000000E+00 -1.204237E-01  3.195767E-03  0.000000E+00  0.000000E+00  0.000000E+00  0.000000E+00
310  1.17698825E+00 -2.500000E+01  0.000000E+00 -1.099781E-01  2.926094E-03  0.000000E+00  0.000000E+00  0.000000E+00  0.000000E+00
311  1.19341227E+00 -2.500000E+01  0.000000E+00 -1.002960E-01  2.675175E-03  0.000000E+00  0.000000E+00  0.000000E+00  0.000000E+00
312  1.20996737E+00 -2.500000E+01  0.000000E+00 -9.133687E-02  2.442137E-03  0.000000E+00  0.000000E+00  0.000000E+00  0.000000E+00
313  1.22665372E+00 -2.500000E+01  0.000000E+00 -8.306061E-02  2.226100E-03  0.000000E+00  0.000000E+00  0.000000E+00  0.000000E+00
314  1.24347149E+00 -2.500000E+01  0.000000E+00 -7.542792E-02  2.026182E-03  0.000000E+00  0.000000E+00  0.000000E+00  0.000000E+00
315  1.26042085E+00 -2.500000E+01  0.000000E+00 -6.840039E-02  1.841510E-03  0.000000E+00  0.000000E+00  0.000000E+00  0.000000E+00
316  1.27750196E+00 -2.500000E+01  0.000000E+00 -6.194068E-02  1.671222E-03  0.000000E+00  0.000000E+00  0.000000E+00  0.000000E+00
317  1.29471499E+00 -2.500000E+01  0.000000E+00 -5.601259E-02  1.514471E-03  0.000000E+00  0.000000E+00  0.000000E+00  0.000000E+00
318  1.31206010E+00 -2.500000E+01  0.000000E+00 -5.058118E-02  1.370429E-03  0.000000E+00  0.000000E+00  0.000000E+00  0.000000E+00
319  1.32953745E+00 -2.500000E+01  0.000000E+00 -4.561283E-02  1.238294E-03  0.000000E+00  0.000000E+00  0.000000E+00  0.000000E+00
320  1.34714720E+00 -2.500000E+01  0.000000E+00 -4.107536E-02  1.117285E-03  0.000000E+00  0.000000E+00  0.000000E+00  0.000000E+00
321  1.36488949E+00 -2.500000E+01  0.000000E+00 -3.693796E-02  1.006653E-03  0.000000E+00  0.000000E+00  0.000000E+00  0.000000E+00
322  1.38276450E+00 -2.500000E+01  0.000000E+00 -3.317134E-02  9.056756E-04  0.000000E+00  0.000000E+00  0.000000E+00  0.000000E+00
323  1.40077237E+00 -2.500000E+01  0.000000E+00 -2.974766E-02  8.136636E-04  0.000000E+00  0.000000E+00  0.000000E+00  0.000000E+00
324  1.41891325E+00 -2.500000E+01  0.000000E+00 -2.664056E-02  7.299584E-04  0.000000E+00  0.000000E+00  0.000000E+00  0.000000E+00
325  1.43718729E+00 -2.500000E+01  0.000000E+00 -2.382515E-02  6.539344E-04  0.000000E+00  0.000000E+00  0.000000E+00  0.000000E+00
326  1.45559464E+00 -2.500000E+01  0.000000E+00 -2.127800E-02  5.849984E-04  0.000000E+00  0.000000E+00  0.000000E+00  0.000000E+00
327  1.47413545E+00 -2.500000E+01  0.000000E+00 -1.897711E-02  5.225902E-04  0.000000E+00  0.000000E+00  0.000000E+00  0.000000E+00
328  1.49280985E+00 -2.500000E+01  0.000000E+00 -1.690184E-02  4.661821E-04  0.000000E+00  0.000000E+00  0.000000E+00  0.000000E+00
329  1.51161801E+00 -2.500000E+01  0.000000E+00 -1.503293E-02  4.152782E-04  0.000000E+00  0.000000E+00  0.000000E+00  0.000000E+00
330  1.53056005E+00 -2.500000E+01  0.000000E+00 -1.335242E-02  3.694140E-04  0.000000E+00  0.000000E+00  0.000000E+00  0.000000E+00
331  1.54963612E+00 -2.500000E+01  0.000000E+00 -1.184361E-02  3.281555E-04  0.000000E+00  0.000000E+00  0.000000E+00  0.000000E+00
332  1.56884635E+00 -2.500000E+01  0.000000E+00 -1.049100E-02  2.910982E-04  0.000000E+00  0.000000E+00  0.000000E+00  0.000000E+00
333  1.58819089E+00 -2.500000E+01  0.000000E+00 -9.280233E-03  2.578661E-04  0.000000E+00  0.000000E+00  0.000000E+00  0.000000E+00
334  1.60766986E+00 -2.500000E+01  0.000000E+00 -8.198059E-03  2.281103E-04  0.000000E+00  0.000000E+00  0.000000E+00  0.000000E+00
335  1.62728341E+00 -2.500000E+01  0.000000E+00 -7.232264E-03  2.015084E-04  0.000000E+00  0.000000E+00  0.000000E+00  0.000000E+00
336  1.64703167E+00 -2.500000E+01  0.000000E+00 -6.371611E-03  1.777624E-04  0.000000E+00  0.000000E+00  0.000000E+00  0.000000E+00
337  1.66691476E+00 -2.500000E+01  0.000000E+00 -5.605789E-03  1.565980E-04  0.000000E+00  0.000000E+00  0.000000E+00  0.000000E+00
338  1.68693283E+00 -2.500000E+01  0.000000E+00 -4.925355E-03  1.377633E-04  0.000000E+00  0.000000E+00  0.000000E+00  0.000000E+00
339  1.70708599E+00 -2.500000E+01  0.000000E+00 -4.321678E-03  1.210272E-04  0.000000E+00  0.000000E+00  0.000000E+00  0.000000E+00
340  1.72737437E+00 -2.500000E+01  0.000000E+00 -3.786884E-03  1.061782E-04  0.000000E+00  0.000000E+00  0.000000E+00  0.000000E+00
341  1.74779811E+00 -2.500000E+01  0.000000E+00 -3.313805E-03  9.302330E-05  0.000000E+00  0.000000E+00  0.000000E+00  0.000000E+00
342  1.76835733E+00 -2.500000E+01  0.000000E+00 -2.895929E-03  8.138667E-05  0.000000E+00  0.000000E+00  0.000000E+00  0.000000E+00
343  1.78905215E+00 -2.500000E+01  0.000000E+00 -2.527352E-03  7.110840E-05  0.000000E+00  0.000000E+00  0.000000E+00  0.000000E+00
344  1.80988269E+00 -2.500000E+01  0.000000E+00 -2.202728E-03  6.204339E-05  0.000000E+00  0.000000E+00  0.000000E+00  0.000000E+00
345  1.83084908E+00 -2.500000E+01  0.000000E+00 -1.917229E-03  5.406025E-05  0.000000E+00  0.000000E+00  0.000000E+00  0.000000E+00
346  1.85195143E+00 -2.500000E+01  0.000000E+00 -1.666502E-03  4.704023E-05  0.000000E+00  0.000000E+00  0.000000E+00  0.000000E+00
347  1.87318987E+00 -2.500000E+01  0.000000E+00 -1.446627E-03  4.087620E-05  0.000000E+00  0.000000E+00  0.000000E+00  0.000000E+00
348  1.89456451E+00 -2.500000E+01  0.000000E+00 -1.254086E-03  3.547170E-05  0.000000E+00  0.000000E+00  0.000000E+00  0.000000E+00
349  1.91607547E+00 -2.500000E+01  0.000000E+00 -1.085721E-03  3.074008E-05  0.000000E+00  0.000000E+00  0.000000E+00  0.000000E+00
350  1.93772286E+00 -2.500000E+01  0.000000E+00 -9.387074E-04  2.660358E-05  0.000000E+00  0.000000E+00  0.000000E+00  0.000000E+00
351  1.95950681E+00 -2.500000E+01  0.000000E+00 -8.105195E-04  2.299259E-05  0.000000E+00  0.000000E+00  0.000000E+00  0.000000E+00
352  1.98142741E+00 -2.500000E+01  0.000000E+00 -6.989058E-04  1.984493E-05  0.000000E+00  0.000000E+00  0.000000E+00  0.000000E+00
353  2.00348479E+00 -2.500000E+01  0.000000E+00 -6.018610E-04  1.710510E-05  0.000000E+00  0.000000E+00  0.000000E+00  0.000000E+00
354  2.02567906E+00 -2.500000E+01  0.000000E+00 -5.176030E-04  1.472369E-05  0.000000E+00  0.000000E+00  0.000000E+00  0.000000E+00
355  2.04801032E+00 -2.500000E+01  0.000000E+00 -4.445501E-04  1.265679E-05  0.000000E+00  0.000000E+00  0.000000E+00  0.000000E+00
356  2.07047869E+00 -2.500000E+01  0.000000E+00 -3.813015E-04  1.086543E-05  0.000000E+00  0.000000E+00  0.000000E+00  0.000000E+00
357  2.09308427E+00 -2.500000E+01  0.000000E+00 -3.266184E-04  9.315101E-06  0.000000E+00  0.000000E+00  0.000000E+00  0.000000E+00
358  2.11582716E+00 -2.500000E+01  0.000000E+00 -2.794072E-04  7.975278E-06  0.000000E+00  0.000000E+00  0.000000E+00  0.000000E+00
359  2.13870749E+00 -2.500000E+01  0.000000E+00 -2.387040E-04  6.819028E-06  0.000000E+00  0.000000E+00  0.000000E+00  0.000000E+00
360  2.16172534E+00 -2.500000E+01  0.000000E+00 -2.036609E-04  5.822616E-06  0.000000E+00  0.000000E+00  0.000000E+00  0.000000E+00
361  2.18488083E+00 -2.500000E+01  0.000000E+00 -1.735328E-04  4.965162E-06  0.000000E+00  0.000000E+00  0.000000E+00  0.000000E+00
362  2.20817406E+00 -2.500000E+01  0.000000E+00 -1.476665E-04  4.228329E-06  0.000000E+00  0.000000E+00  0.000000E+00  0.000000E+00
363  2.23160512E+00 -2.500000E+01  0.000000E+00 -1.254900E-04  3.596043E-06  0.000000E+00  0.000000E+00  0.000000E+00  0.000000E+00
364  2.25517413E+00 -2.500000E+01  0.000000E+00 -1.065035E-04  3.054233E-06  0.000000E+00  0.000000E+00  0.000000E+00  0.000000E+00
365  2.27888118E+00 -2.500000E+01  0.000000E+00 -9.027054E-05  2.590606E-06  0.000000E+00  0.000000E+00  0.000000E+00  0.000000E+00
366  2.30272636E+00 -2.500000E+01  0.000000E+00 -7.641108E-05  2.194436E-06  0.000000E+00  0.000000E+00  0.000000E+00  0.000000E+00
367  2.32670978E+00 -2.500000E+01  0.000000E+00 -6.459442E-05  1.856381E-06  0.000000E+00  0.000000E+00  0.000000E+00  0.000000E+00
368  2.35083154E+00 -2.500000E+01  0.000000E+00 -5.453339E-05  1.568320E-06  0.000000E+00  0.000000E+00  0.000000E+00  0.000000E+00
369  2.37509173E+00 -2.500000E+01  0.000000E+00 -4.597895E-05  1.323202E-06  0.000000E+00  0.000000E+00  0.000000E+00  0.000000E+00
370  2.39949045E+00 -2.500000E+01  0.000000E+00 -3.871552E-05  1.114915E-06  0.000000E+00  0.000000E+00  0.000000E+00  0.000000E+00
371  2.42402779E+00 -2.500000E+01  0.000000E+00 -3.255674E-05  9.381711E-07  0.000000E+00  0.000000E+00  0.000000E+00  0.000000E+00
372  2.44870385E+00 -2.500000E+01  0.000000E+00 -2.734179E-05  7.884017E-07  0.000000E+00  0.000000E+00  0.000000E+00  0.000000E+00
373  2.47351871E+00 -2.500000E+01  0.000000E+00 -2.293207E-05  6.616658E-07  0.000000E+00  0.000000E+00  0.000000E+00  0.000000E+00
374  2.49847248E+00 -2.500000E+01  0.000000E+00 -1.920837E-05  5.545693E-07  0.000000E+00  0.000000E+00  0.000000E+00  0.000000E+00
375  2.52356523E+00 -2.500000E+01  0.000000E+00 -1.606825E-05  4.641939E-07  0.000000E+00  0.000000E+00  0.000000E+00  0.000000E+00
376  2.54879708E+00 -2.500000E+01  0.000000E+00 -1.342389E-05  3.880340E-07  0.000000E+00  0.000000E+00  0.000000E+00  0.000000E+00
377  2.57416809E+00 -2.500000E+01  0.000000E+00 -1.120004E-05  3.239422E-07  0.000000E+00  0.000000E+00  0.000000E+00  0.000000E+00
378  2.59967836E+00 -2.500000E+01  0.000000E+00 -9.332384E-06  2.700802E-07  0.000000E+00  0.000000E+00  0.000000E+00  0.000000E+00
379  2.62532799E+00 -2.500000E+01  0.000000E+00 -7.766011E-06  2.248775E-07  0.000000E+00  0.000000E+00  0.000000E+00  0.000000E+00
380  2.65111705E+00 -2.500000E+01  0.000000E+00 -6.454102E-06  1.869940E-07  0.000000E+00  0.000000E+00  0.000000E+00  0.000000E+00
381  2.67704564E+00 -2.500000E+01  0.000000E+00 -5.356813E-06  1.552881E-07  0.000000E+00  0.000000E+00  0.000000E+00  0.000000E+00
382  2.70311384E+00 -2.500000E+01  0.000000E+00 -4.440278E-06  1.287886E-07  0.000000E+00  0.000000E+00  0.000000E+00  0.000000E+00
383  2.72932173E+00 -2.500000E+01  0.000000E+00 -3.675759E-06  1.066710E-07  0.000000E+00  0.000000E+00  0.000000E+00  0.000000E+00
384  2.75566940E+00 -2.500000E+01  0.000000E+00 -3.038908E-06  8.823586E-08  0.000000E+00  0.000000E+00  0.000000E+00  0.000000E+00
385  2.78215694E+00 -2.500000E+01  0.000000E+00 -2.509122E-06  7.289100E-08  0.000000E+00  0.000000E+00  0.000000E+00  0.000000E+00
386  2.80878442E+00 -2.500000E+01  0.000000E+00 -2.068998E-06  6.013580E-08  0.000000E+00  0.000000E+00  0.000000E+00  0.000000E+00
387  2.83555193E+00 -2.500000E+01  0.000000E+00 -1.703855E-06  4.954764E-08  0.000000E+00  0.000000E+00  0.000000E+00  0.000000E+00
388  2.86245955E+00 -2.500000E+01  0.000000E+00 -1.401327E-06  4.077030E-08  0.000000E+00  0.000000E+00  0.000000E+00  0.000000E+00
389  2.88950736E+00 -2.500000E+01  0.000000E+00 -1.151016E-06  3.350396E-08  0.000000E+00  0.000000E+00  0.000000E+00  0.000000E+00
390  2.91669544E+00 -2.500000E+01  0.000000E+00 -9.441867E-07  2.749667E-08  0.000000E+00  0.000000E+00  0.000000E+00  0.000000E+00
391  2.94402387E+00 -2.500000E+01  0.000000E+00 -7.735167E-07  2.253699E-08  0.000000E+00  0.000000E+00  0.000000E+00  0.000000E+00
392  2.97149273E+00 -2.500000E+01  0.000000E+00 -6.328734E-07  1.844777E-08  0.000000E+00  0.000000E+00  0.000000E+00  0.000000E+00
393  2.99910210E+00 -2.500000E+01  0.000000E+00 -5.171298E-07  1.508080E-08  0.000000E+00  0.000000E+00  0.000000E+00  0.000000E+00
394  3.02685206E+00 -2.500000E+01  0.000000E+00 -4.220055E-07  1.231225E-08  0.000000E+00  0.000000E+00  0.000000E+00  0.000000E+00
395  3.05474268E+00 -2.500000E+01  0.000000E+00 -3.439320E-07  1.003884E-08  0.000000E+00  0.000000E+00  0.000000E+00  0.000000E+00
396  3.08277403E+00 -2.500000E+01  0.000000E+00 -2.799389E-07  8.174535E-09  0.000000E+00  0.000000E+00  0.000000E+00  0.000000E+00
397  3.11094620E+00 -2.500000E+01  0.000000E+00 -2.275570E-07  6.647770E-09  0.000000E+00  0.000000E+00  0.000000E+00  0.000000E+00
398  3.13925926E+00 -2.500000E+01  0.000000E+00 -1.847370E-07  5.399116E-09  0.000000E+00  0.000000E+00  0.000000E+00  0.000000E+00
399  3.16771328E+00 -2.500000E+01  0.000000E+00 -1.497801E-07  4.379286E-09  0.000000E+00  0.000000E+00  0.000000E+00  0.000000E+00
400  3.19630834E+00 -2.500000E+01  0.000000E+00 -1.212806E-07  3.547466E-09  0.000000E+00  0.000000E+00  0.000000E+00  0.000000E+00
401  3.22504451E+00 -2.500000E+01  0.000000E+00 -9.807666E-08  2.869905E-09  0.000000E+00  0.000000E+00  0.000000E+00  0.000000E+00
402  3.25392186E+00 -2.500000E+01  0.000000E+00 -7.920949E-08  2.318737E-09  0.000000E+00  0.000000E+00  0.000000E+00  0.000000E+00
403  3.28294047E+00 -2.500000E+01  0.000000E+00 -6.388902E-08  1.870985E-09  0.000000E+00  0.000000E+00  0.000000E+00  0.000000E+00
404  3.31210040E+00 -2.500000E+01  0.000000E+00 -5.146510E-08  1.507733E-09  0.000000E+00  0.000000E+00  0.000000E+00  0.000000E+00
405  3.34140174E+00 -2.500000E+01  0.000000E+00 -4.140351E-08  1.213427E-09  0.000000E+00  0.000000E+00  0.000000E+00  0.000000E+00
406  3.37084454E+00 -2.500000E+01  0.000000E+00 -3.326591E-08  9.753007E-10  0.000000E+00  0.000000E+00  0.000000E+00  0.000000E+00
407  3.40042887E+00 -2.500000E+01  0.000000E+00 -2.669315E-08  7.828870E-10  0.000000E+00  0.000000E+00  0.000000E+00  0.000000E+00
408  3.43015482E+00 -2.500000E+01  0.000000E+00 -2.139136E-08  6.276183E-10  0.000000E+00  0.000000E+00  0.000000E+00  0.000000E+00
409  3.46002243E+00 -2.500000E+01  0.000000E+00 -1.712046E-08  5.024909E-10  0.000000E+00  0.000000E+00  0.000000E+00  0.000000E+00
410  3.49003179E+00 -2.500000E+01  0.000000E+00 -1.368456E-08  4.017881E-10  0.000000E+00  0.000000E+00  0.000000E+00  0.000000E+00
411  3.52018297E+00 -2.500000E+01  0.000000E+00 -1.092408E-08  3.208503E-10  0.000000E+00  0.000000E+00  0.000000E+00  0.000000E+00
412  3.55047602E+00 -2.500000E+01  0.000000E+00 -8.709193E-09  2.558848E-10  0.000000E+00  0.000000E+00  0.000000E+00  0.000000E+00
413  3.58091101E+00 -2.500000E+01  0.000000E+00 -6.934415E-09  2.038090E-10  0.000000E+00  0.000000E+00  0.000000E+00  0.000000E+00
414  3.61148802E+00 -2.500000E+01  0.000000E+00 -5.514178E-09  1.621210E-10  0.000000E+00  0.000000E+00  0.000000E+00  0.000000E+00
415  3.64220710E+00 -2.500000E+01  0.000000E+00 -4.379162E-09  1.287931E-10  0.000000E+00  0.000000E+00  0.000000E+00  0.000000E+00
416  3.67306832E+00 -2.500000E+01  0.000000E+00 -3.473286E-09  1.021840E-10  0.000000E+00  0.000000E+00  0.000000E+00  0.000000E+00
417  3.70407175E+00 -2.500000E+01  0.000000E+00 -2.751246E-09  8.096755E-11  0.000000E+00  0.000000E+00  0.000000E+00  0.000000E+00
418  3.73521744E+00 -2.500000E+01  0.000000E+00 -2.176497E-09  6.407324E-11  0.000000E+00  0.000000E+00  0.000000E+00  0.000000E+00
419  3.76650547E+00 -2.500000E+01  0.000000E+00 -1.719596E-09  5.063842E-11  0.000000E+00  0.000000E+00  0.000000E+00  0.000000E+00
420  3.79793590E+00 -2.500000E+01  0.000000E+00 -1.356858E-09  3.996885E-11  0.000000E+00  0.000000E+00  0.000000E+00  0.000000E+00
421  3.82950878E+00 -2.500000E+01  0.000000E+00 -1.069258E-09  3.150658E-11  0.000000E+00  0.000000E+00  0.000000E+00  0.000000E+00
422  3.86122418E+00 -2.500000E+01  0.000000E+00 -8.415322E-10  2.480386E-11  0.000000E+00  0.000000E+00  0.000000E+00  0.000000E+00
423  3.89308217E+00 -2.500000E+01  0.000000E+00 -6.614531E-10  1.950184E-11  0.000000E+00  0.000000E+00  0.000000E+00  0.000000E+00
424  3.92508280E+00 -2.500000E+01  0.000000E+00 -5.192394E-10  1.531336E-11  0.000000E+00  0.000000E+00  0.000000E+00  0.000000E+00
425  3.95722613E+00 -2.500000E+01  0.000000E+00 -4.070771E-10  1.200893E-11  0.000000E+00  0.000000E+00  0.000000E+00  0.000000E+00
426  3.98951223E+00 -2.500000E+01  0.000000E+00 -3.187324E-10  9.405387E-12  0.000000E+00  0.000000E+00  0.000000E+00  0.000000E+00
427  4.02194115E+00 -2.500000E+01  0.000000E+00 -2.492392E-10  7.356786E-12  0.000000E+00  0.000000E+00  0.000000E+00  0.000000E+00
428  4.05451295E+00 -2.500000E+01  0.000000E+00 -1.946467E-10  5.746967E-12  0.000000E+00  0.000000E+00  0.000000E+00  0.000000E+00
429  4.08722769E+00 -2.500000E+01  0.000000E+00 -1.518164E-10  4.483617E-12  0.000000E+00  0.000000E+00  0.000000E+00  0.000000E+00
430  4.12008544E+00 -2.500000E+01  0.000000E+00 -1.182582E-10  3.494448E-12  0.000000E+00  0.000000E+00  0.000000E+00  0.000000E+00
431  4.15308624E+00 -2.500000E+01  0.000000E+00 -9.199937E-11  2.716350E-12  0.000000E+00  0.000000E+00  0.000000E+00  0.000000E+00
