#      n =  2
#  kappa =  1
# energy = -2.15246027E+03
#     dn =  1.88562003E-03
#SelfEne =  2.72113860E+32
#     vc = -4.36187577E+03
#  ilast =  373
#    ifm =    0
#    cfm =  0.00000000E+00
#    xfm =  0.00000000E+00
#    rfn =  2.44870385E+00
#    pdx =  1.99465447E+00
#   bqp0 =  2.17033340E+04
#   bqp1 =  0.00000000E+00
#    idx = 1
# LEPTON = 0
#   MASS =  1.00000000E+00
# CHARGE =  1.00000000E+00
#  EUNIT =  2.72113860E+01
#  RUNIT =  4.13413733E+16
#  LUNIT =  5.29177211E-01
#    AMU =  1.82288849E+03
#    FSC =  7.29735257E-03


0    3.84615385E-08 -1.749939E-02 -5.045507E-07  1.463274E-11  3.169482E-07  0.000000E+00  0.000000E+00  0.000000E+00  0.000000E+00
1    4.21520013E-08 -1.917849E-02 -5.529495E-07  1.756694E-11  3.473551E-07  0.000000E+00  0.000000E+00  0.000000E+00  0.000000E+00
2    4.61964108E-08 -2.101863E-02 -6.059897E-07  2.109182E-11  3.806831E-07  0.000000E+00  0.000000E+00  0.000000E+00  0.000000E+00
3    5.06286098E-08 -2.303521E-02 -6.641158E-07  2.532599E-11  4.172080E-07  0.000000E+00  0.000000E+00  0.000000E+00  0.000000E+00
4    5.54857553E-08 -2.524514E-02 -7.278151E-07  3.041194E-11  4.572343E-07  0.000000E+00  0.000000E+00  0.000000E+00  0.000000E+00
5    6.08085623E-08 -2.766693E-02 -7.976213E-07  3.652076E-11  5.010974E-07  0.000000E+00  0.000000E+00  0.000000E+00  0.000000E+00
6    6.66416438E-08 -3.032088E-02 -8.741194E-07  4.385790E-11  5.491643E-07  0.000000E+00  0.000000E+00  0.000000E+00  0.000000E+00
7    7.30338842E-08 -3.322925E-02 -9.579504E-07  5.267010E-11  6.018415E-07  0.000000E+00  0.000000E+00  0.000000E+00  0.000000E+00
8    8.00387086E-08 -3.641633E-02 -1.049816E-06  6.325355E-11  6.595671E-07  0.000000E+00  0.000000E+00  0.000000E+00  0.000000E+00
9    8.77149216E-08 -3.990887E-02 -1.150486E-06  7.596404E-11  7.228179E-07  0.000000E+00  0.000000E+00  0.000000E+00  0.000000E+00
10   9.61268296E-08 -4.373615E-02 -1.260802E-06  9.122871E-11  7.921383E-07  0.000000E+00  0.000000E+00  0.000000E+00  0.000000E+00
11   1.05344527E-07 -4.793006E-02 -1.381689E-06  1.095603E-10  8.680988E-07  0.000000E+00  0.000000E+00  0.000000E+00  0.000000E+00
12   1.15445516E-07 -5.252584E-02 -1.514157E-06  1.315747E-10  9.513333E-07  0.000000E+00  0.000000E+00  0.000000E+00  0.000000E+00
13   1.26513941E-07 -5.756179E-02 -1.659314E-06  1.580110E-10  1.042546E-06  0.000000E+00  0.000000E+00  0.000000E+00  0.000000E+00
14   1.38642593E-07 -6.308011E-02 -1.818374E-06  1.897569E-10  1.142491E-06  0.000000E+00  0.000000E+00  0.000000E+00  0.000000E+00
15   1.51932674E-07 -6.912687E-02 -1.992666E-06  2.278779E-10  1.252015E-06  0.000000E+00  0.000000E+00  0.000000E+00  0.000000E+00
16   1.66495275E-07 -7.575258E-02 -2.183647E-06  2.736532E-10  1.372013E-06  0.000000E+00  0.000000E+00  0.000000E+00  0.000000E+00
17   1.82452417E-07 -8.301280E-02 -2.392913E-06  3.286189E-10  1.503502E-06  0.000000E+00  0.000000E+00  0.000000E+00  0.000000E+00
18   1.99936825E-07 -9.096789E-02 -2.622210E-06  3.946179E-10  1.647596E-06  0.000000E+00  0.000000E+00  0.000000E+00  0.000000E+00
19   2.19094476E-07 -9.968425E-02 -2.873452E-06  4.738632E-10  1.805463E-06  0.000000E+00  0.000000E+00  0.000000E+00  0.000000E+00
20   2.40085694E-07 -1.092348E-01 -3.148736E-06  5.690114E-10  1.978431E-06  0.000000E+00  0.000000E+00  0.000000E+00  0.000000E+00
21   2.63085313E-07 -1.196992E-01 -3.450359E-06  6.832509E-10  2.167967E-06  0.000000E+00  0.000000E+00  0.000000E+00  0.000000E+00
22   2.88284726E-07 -1.311644E-01 -3.780832E-06  8.204077E-10  2.375623E-06  0.000000E+00  0.000000E+00  0.000000E+00  0.000000E+00
23   3.15894545E-07 -1.437262E-01 -4.142911E-06  9.850755E-10  2.603148E-06  0.000000E+00  0.000000E+00  0.000000E+00  0.000000E+00
24   3.46143812E-07 -1.574890E-01 -4.539611E-06  1.182765E-09  2.852421E-06  0.000000E+00  0.000000E+00  0.000000E+00  0.000000E+00
25   3.79285711E-07 -1.725677E-01 -4.974235E-06  1.420094E-09  3.125503E-06  0.000000E+00  0.000000E+00  0.000000E+00  0.000000E+00
26   4.15595029E-07 -1.890874E-01 -5.450399E-06  1.704998E-09  3.424742E-06  0.000000E+00  0.000000E+00  0.000000E+00  0.000000E+00
27   4.55373132E-07 -2.071853E-01 -5.972059E-06  2.047003E-09  3.752537E-06  0.000000E+00  0.000000E+00  0.000000E+00  0.000000E+00
28   4.98952461E-07 -2.270125E-01 -6.543556E-06  2.457541E-09  4.111619E-06  0.000000E+00  0.000000E+00  0.000000E+00  0.000000E+00
29   5.46693778E-07 -2.487331E-01 -7.169631E-06  2.950323E-09  4.505068E-06  0.000000E+00  0.000000E+00  0.000000E+00  0.000000E+00
30   5.98992705E-07 -2.725270E-01 -7.855482E-06  3.541802E-09  4.936027E-06  0.000000E+00  0.000000E+00  0.000000E+00  0.000000E+00
31   6.56285618E-07 -2.985928E-01 -8.606803E-06  4.251724E-09  5.408117E-06  0.000000E+00  0.000000E+00  0.000000E+00  0.000000E+00
32   7.19044757E-07 -3.271451E-01 -9.429814E-06  5.103759E-09  5.925348E-06  0.000000E+00  0.000000E+00  0.000000E+00  0.000000E+00
33   7.87790328E-07 -3.584205E-01 -1.033133E-05  6.126311E-09  6.491846E-06  0.000000E+00  0.000000E+00  0.000000E+00  0.000000E+00
34   8.63093418E-07 -3.926785E-01 -1.131882E-05  7.353455E-09  7.112320E-06  0.000000E+00  0.000000E+00  0.000000E+00  0.000000E+00
35   9.45576450E-07 -4.302022E-01 -1.240045E-05  8.826052E-09  7.792043E-06  0.000000E+00  0.000000E+00  0.000000E+00  0.000000E+00
36   1.03591867E-06 -4.713001E-01 -1.358515E-05  1.059309E-08  8.536546E-06  0.000000E+00  0.000000E+00  0.000000E+00  0.000000E+00
37   1.13486866E-06 -5.163124E-01 -1.488271E-05  1.271334E-08  9.351895E-06  0.000000E+00  0.000000E+00  0.000000E+00  0.000000E+00
38   1.24324265E-06 -5.656100E-01 -1.630382E-05  1.525726E-08  1.024494E-05  0.000000E+00  0.000000E+00  0.000000E+00  0.000000E+00
39   1.36193260E-06 -6.195976E-01 -1.786020E-05  1.830930E-08  1.122303E-05  0.000000E+00  0.000000E+00  0.000000E+00  0.000000E+00
40   1.49191597E-06 -6.787191E-01 -1.956465E-05  2.197073E-08  1.229418E-05  0.000000E+00  0.000000E+00  0.000000E+00  0.000000E+00
41   1.63426233E-06 -7.434597E-01 -2.143119E-05  2.636294E-08  1.346713E-05  0.000000E+00  0.000000E+00  0.000000E+00  0.000000E+00
42   1.79014344E-06 -8.143505E-01 -2.347515E-05  3.163141E-08  1.475165E-05  0.000000E+00  0.000000E+00  0.000000E+00  0.000000E+00
43   1.96083495E-06 -8.919696E-01 -2.571329E-05  3.795044E-08  1.615823E-05  0.000000E+00  0.000000E+00  0.000000E+00  0.000000E+00
44   2.14774031E-06 -9.769524E-01 -2.816396E-05  4.552898E-08  1.769836E-05  0.000000E+00  0.000000E+00  0.000000E+00  0.000000E+00
45   2.35238607E-06 -1.069989E+00 -3.084720E-05  5.461724E-08  1.938476E-05  0.000000E+00  0.000000E+00  0.000000E+00  0.000000E+00
46   2.57644835E-06 -1.171837E+00 -3.378494E-05  6.551503E-08  2.123105E-05  0.000000E+00  0.000000E+00  0.000000E+00  0.000000E+00
47   2.82175649E-06 -1.283321E+00 -3.700115E-05  7.858141E-08  2.325245E-05  0.000000E+00  0.000000E+00  0.000000E+00  0.000000E+00
48   3.09031051E-06 -1.405341E+00 -4.052203E-05  9.424630E-08  2.546538E-05  0.000000E+00  0.000000E+00  0.000000E+00  0.000000E+00
49   3.38429828E-06 -1.538881E+00 -4.437622E-05  1.130245E-07  2.788783E-05  0.000000E+00  0.000000E+00  0.000000E+00  0.000000E+00
50   3.70611010E-06 -1.685012E+00 -4.859500E-05  1.355320E-07  3.053952E-05  0.000000E+00  0.000000E+00  0.000000E+00  0.000000E+00
51   4.05835855E-06 -1.844901E+00 -5.321259E-05  1.625063E-07  3.344200E-05  0.000000E+00  0.000000E+00  0.000000E+00  0.000000E+00
52   4.44389693E-06 -2.019818E+00 -5.826632E-05  1.948294E-07  3.661872E-05  0.000000E+00  0.000000E+00  0.000000E+00  0.000000E+00
53   4.86584635E-06 -2.211147E+00 -6.379700E-05  2.335565E-07  4.009534E-05  0.000000E+00  0.000000E+00  0.000000E+00  0.000000E+00
54   5.32761291E-06 -2.420388E+00 -6.984918E-05  2.799490E-07  4.389997E-05  0.000000E+00  0.000000E+00  0.000000E+00  0.000000E+00
55   5.83291892E-06 -2.649173E+00 -7.647151E-05  3.355147E-07  4.806319E-05  0.000000E+00  0.000000E+00  0.000000E+00  0.000000E+00
56   6.38582884E-06 -2.899267E+00 -8.371709E-05  4.020553E-07  5.261844E-05  0.000000E+00  0.000000E+00  0.000000E+00  0.000000E+00
57   6.99078137E-06 -3.172581E+00 -9.164386E-05  4.817222E-07  5.760229E-05  0.000000E+00  0.000000E+00  0.000000E+00  0.000000E+00
58   7.65261988E-06 -3.471178E+00 -1.003151E-04  5.770835E-07  6.305445E-05  0.000000E+00  0.000000E+00  0.000000E+00  0.000000E+00
59   8.37663680E-06 -3.797280E+00 -1.097996E-04  6.912029E-07  6.901845E-05  0.000000E+00  0.000000E+00  0.000000E+00  0.000000E+00
60   9.16859999E-06 -4.153267E+00 -1.201728E-04  8.277329E-07  7.554169E-05  0.000000E+00  0.000000E+00  0.000000E+00  0.000000E+00
61   1.00348109E-05 -4.541686E+00 -1.315164E-04  9.910244E-07  8.267584E-05  0.000000E+00  0.000000E+00  0.000000E+00  0.000000E+00
62   1.09821364E-05 -4.965250E+00 -1.439199E-04  1.186256E-06  9.047727E-05  0.000000E+00  0.000000E+00  0.000000E+00  0.000000E+00
63   1.20180723E-05 -5.426821E+00 -1.574804E-04  1.419587E-06  9.900721E-05  0.000000E+00  0.000000E+00  0.000000E+00  0.000000E+00
64   1.31507888E-05 -5.929405E+00 -1.723039E-04  1.698328E-06  1.083327E-04  0.000000E+00  0.000000E+00  0.000000E+00  0.000000E+00
65   1.43891927E-05 -6.476129E+00 -1.885055E-04  2.031153E-06  1.185264E-04  0.000000E+00  0.000000E+00  0.000000E+00  0.000000E+00
66   1.57429953E-05 -7.070194E+00 -2.062104E-04  2.428331E-06  1.296676E-04  0.000000E+00  0.000000E+00  0.000000E+00  0.000000E+00
67   1.72227718E-05 -7.714830E+00 -2.255549E-04  2.901998E-06  1.418425E-04  0.000000E+00  0.000000E+00  0.000000E+00  0.000000E+00
68   1.88400485E-05 -8.413214E+00 -2.466866E-04  3.466461E-06  1.551444E-04  0.000000E+00  0.000000E+00  0.000000E+00  0.000000E+00
69   2.06073761E-05 -9.168361E+00 -2.697660E-04  4.138543E-06  1.696754E-04  0.000000E+00  0.000000E+00  0.000000E+00  0.000000E+00
70   2.25384178E-05 -9.982974E+00 -2.949670E-04  4.937957E-06  1.855454E-04  0.000000E+00  0.000000E+00  0.000000E+00  0.000000E+00
71   2.46480501E-05 -1.085925E+01 -3.224778E-04  5.887710E-06  2.028744E-04  0.000000E+00  0.000000E+00  0.000000E+00  0.000000E+00
72   2.69524530E-05 -1.179859E+01 -3.525022E-04  7.014525E-06  2.217921E-04  0.000000E+00  0.000000E+00  0.000000E+00  0.000000E+00
73   2.94692314E-05 -1.280126E+01 -3.852602E-04  8.349247E-06  2.424387E-04  0.000000E+00  0.000000E+00  0.000000E+00  0.000000E+00
74   3.22175273E-05 -1.386594E+01 -4.209892E-04  9.927214E-06  2.649660E-04  0.000000E+00  0.000000E+00  0.000000E+00  0.000000E+00
75   3.52181498E-05 -1.498904E+01 -4.599450E-04  1.178852E-05  2.895382E-04  0.000000E+00  0.000000E+00  0.000000E+00  0.000000E+00
76   3.84937068E-05 -1.616401E+01 -5.024030E-04  1.397811E-05  3.163321E-04  0.000000E+00  0.000000E+00  0.000000E+00  0.000000E+00
77   4.20687612E-05 -1.738030E+01 -5.486586E-04  1.654555E-05  3.455388E-04  0.000000E+00  0.000000E+00  0.000000E+00  0.000000E+00
78   4.59699805E-05 -1.862224E+01 -5.990292E-04  1.954433E-05  3.773642E-04  0.000000E+00  0.000000E+00  0.000000E+00  0.000000E+00
79   5.02263063E-05 -1.986765E+01 -6.538547E-04  2.303053E-05  4.120304E-04  0.000000E+00  0.000000E+00  0.000000E+00  0.000000E+00
80   5.48691434E-05 -2.108670E+01 -7.134999E-04  2.706051E-05  4.497771E-04  0.000000E+00  0.000000E+00  0.000000E+00  0.000000E+00
81   5.99325424E-05 -2.224126E+01 -7.783556E-04  3.168748E-05  4.908616E-04  0.000000E+00  0.000000E+00  0.000000E+00  0.000000E+00
82   6.54534179E-05 -2.328621E+01 -8.488393E-04  3.695701E-05  5.355562E-04  0.000000E+00  0.000000E+00  0.000000E+00  0.000000E+00
83   7.14717630E-05 -2.417491E+01 -9.253912E-04  4.290220E-05  5.841457E-04  0.000000E+00  0.000000E+00  0.000000E+00  0.000000E+00
84   7.80308833E-05 -2.487063E+01 -1.008470E-03  4.954074E-05  6.369516E-04  0.000000E+00  0.000000E+00  0.000000E+00  0.000000E+00
85   8.51776583E-05 -2.536191E+01 -1.098572E-03  5.687816E-05  6.943696E-04  0.000000E+00  0.000000E+00  0.000000E+00  0.000000E+00
86   9.29627989E-05 -2.567093E+01 -1.196269E-03  6.491894E-05  7.568339E-04  0.000000E+00  0.000000E+00  0.000000E+00  0.000000E+00
87   1.01441135E-04 -2.584398E+01 -1.302193E-03  7.368009E-05  8.247403E-04  0.000000E+00  0.000000E+00  0.000000E+00  0.000000E+00
88   1.10671920E-04 -2.593091E+01 -1.416998E-03  8.320032E-05  8.984809E-04  0.000000E+00  0.000000E+00  0.000000E+00  0.000000E+00
89   1.20719144E-04 -2.597032E+01 -1.541361E-03  9.354330E-05  9.785257E-04  0.000000E+00  0.000000E+00  0.000000E+00  0.000000E+00
90   1.31651877E-04 -2.598642E+01 -1.676006E-03  1.047966E-04  1.065420E-03  0.000000E+00  0.000000E+00  0.000000E+00  0.000000E+00
91   1.43544627E-04 -2.599222E+01 -1.821719E-03  1.170690E-04  1.159744E-03  0.000000E+00  0.000000E+00  0.000000E+00  0.000000E+00
92   1.56477704E-04 -2.599389E+01 -1.979341E-03  1.304880E-04  1.262108E-03  0.000000E+00  0.000000E+00  0.000000E+00  0.000000E+00
93   1.70537634E-04 -2.599407E+01 -2.149768E-03  1.451992E-04  1.373160E-03  0.000000E+00  0.000000E+00  0.000000E+00  0.000000E+00
94   1.85817564E-04 -2.599373E+01 -2.333948E-03  1.613671E-04  1.493592E-03  0.000000E+00  0.000000E+00  0.000000E+00  0.000000E+00
95   2.02417697E-04 -2.599322E+01 -2.532886E-03  1.791771E-04  1.624144E-03  0.000000E+00  0.000000E+00  0.000000E+00  0.000000E+00
96   2.20445759E-04 -2.599263E+01 -2.747640E-03  1.988381E-04  1.765612E-03  0.000000E+00  0.000000E+00  0.000000E+00  0.000000E+00
97   2.40017466E-04 -2.599198E+01 -2.979326E-03  2.205858E-04  1.918845E-03  0.000000E+00  0.000000E+00  0.000000E+00  0.000000E+00
98   2.61257026E-04 -2.599127E+01 -3.229112E-03  2.446866E-04  2.084753E-03  0.000000E+00  0.000000E+00  0.000000E+00  0.000000E+00
99   2.84297659E-04 -2.599050E+01 -3.498225E-03  2.714417E-04  2.264306E-03  0.000000E+00  0.000000E+00  0.000000E+00  0.000000E+00
100  3.09282127E-04 -2.598967E+01 -3.787943E-03  3.011926E-04  2.458538E-03  0.000000E+00  0.000000E+00  0.000000E+00  0.000000E+00
101  3.36363297E-04 -2.598877E+01 -4.099598E-03  3.343266E-04  2.668548E-03  0.000000E+00  0.000000E+00  0.000000E+00  0.000000E+00
102  3.65704711E-04 -2.598780E+01 -4.434569E-03  3.712831E-04  2.895510E-03  0.000000E+00  0.000000E+00  0.000000E+00  0.000000E+00
103  3.97481179E-04 -2.598675E+01 -4.794278E-03  4.125614E-04  3.140664E-03  0.000000E+00  0.000000E+00  0.000000E+00  0.000000E+00
104  4.31879384E-04 -2.598561E+01 -5.180187E-03  4.587287E-04  3.405331E-03  0.000000E+00  0.000000E+00  0.000000E+00  0.000000E+00
105  4.69098504E-04 -2.598438E+01 -5.593790E-03  5.104298E-04  3.690905E-03  0.000000E+00  0.000000E+00  0.000000E+00  0.000000E+00
106  5.09350851E-04 -2.598305E+01 -6.036599E-03  5.683980E-04  3.998865E-03  0.000000E+00  0.000000E+00  0.000000E+00  0.000000E+00
107  5.52862505E-04 -2.598162E+01 -6.510143E-03  6.334667E-04  4.330770E-03  0.000000E+00  0.000000E+00  0.000000E+00  0.000000E+00
108  5.99873979E-04 -2.598007E+01 -7.015947E-03  7.065840E-04  4.688262E-03  0.000000E+00  0.000000E+00  0.000000E+00  0.000000E+00
109  6.50640878E-04 -2.597840E+01 -7.555519E-03  7.888273E-04  5.073073E-03  0.000000E+00  0.000000E+00  0.000000E+00  0.000000E+00
110  7.05434554E-04 -2.597660E+01 -8.130335E-03  8.814211E-04  5.487018E-03  0.000000E+00  0.000000E+00  0.000000E+00  0.000000E+00
111  7.64542785E-04 -2.597467E+01 -8.741815E-03  9.857564E-04  5.932003E-03  0.000000E+00  0.000000E+00  0.000000E+00  0.000000E+00
112  8.28270429E-04 -2.597258E+01 -9.391301E-03  1.103412E-03  6.410022E-03  0.000000E+00  0.000000E+00  0.000000E+00  0.000000E+00
113  8.96940089E-04 -2.597034E+01 -1.008003E-02  1.236181E-03  6.923156E-03  0.000000E+00  0.000000E+00  0.000000E+00  0.000000E+00
114  9.70892759E-04 -2.596794E+01 -1.080911E-02  1.386092E-03  7.473575E-03  0.000000E+00  0.000000E+00  0.000000E+00  0.000000E+00
115  1.05048847E-03 -2.596536E+01 -1.157947E-02  1.555448E-03  8.063531E-03  0.000000E+00  0.000000E+00  0.000000E+00  0.000000E+00
116  1.13610690E-03 -2.596259E+01 -1.239183E-02  1.746852E-03  8.695363E-03  0.000000E+00  0.000000E+00  0.000000E+00  0.000000E+00
117  1.22814799E-03 -2.595962E+01 -1.324667E-02  1.963247E-03  9.371487E-03  0.000000E+00  0.000000E+00  0.000000E+00  0.000000E+00
118  1.32703254E-03 -2.595644E+01 -1.414417E-02  2.207956E-03  1.009440E-02  0.000000E+00  0.000000E+00  0.000000E+00  0.000000E+00
119  1.43320270E-03 -2.595304E+01 -1.508416E-02  2.484727E-03  1.086665E-02  0.000000E+00  0.000000E+00  0.000000E+00  0.000000E+00
120  1.54712258E-03 -2.594940E+01 -1.606608E-02  2.797781E-03  1.169088E-02  0.000000E+00  0.000000E+00  0.000000E+00  0.000000E+00
121  1.66927867E-03 -2.594551E+01 -1.708889E-02  3.151863E-03  1.256976E-02  0.000000E+00  0.000000E+00  0.000000E+00  0.000000E+00
122  1.80018033E-03 -2.594137E+01 -1.815104E-02  3.552303E-03  1.350602E-02  0.000000E+00  0.000000E+00  0.000000E+00  0.000000E+00
123  1.94036015E-03 -2.593695E+01 -1.925040E-02  4.005077E-03  1.450243E-02  0.000000E+00  0.000000E+00  0.000000E+00  0.000000E+00
124  2.09037436E-03 -2.593224E+01 -2.038415E-02  4.516873E-03  1.556177E-02  0.000000E+00  0.000000E+00  0.000000E+00  0.000000E+00
125  2.25080312E-03 -2.592724E+01 -2.154877E-02  5.095161E-03  1.668683E-02  0.000000E+00  0.000000E+00  0.000000E+00  0.000000E+00
126  2.42225077E-03 -2.592192E+01 -2.273991E-02  5.748276E-03  1.788042E-02  0.000000E+00  0.000000E+00  0.000000E+00  0.000000E+00
127  2.60534602E-03 -2.591627E+01 -2.395236E-02  6.485493E-03  1.914529E-02  0.000000E+00  0.000000E+00  0.000000E+00  0.000000E+00
128  2.80074214E-03 -2.591028E+01 -2.517994E-02  7.317118E-03  2.048419E-02  0.000000E+00  0.000000E+00  0.000000E+00  0.000000E+00
129  3.00911699E-03 -2.590394E+01 -2.641544E-02  8.254574E-03  2.189977E-02  0.000000E+00  0.000000E+00  0.000000E+00  0.000000E+00
130  3.23117308E-03 -2.589722E+01 -2.765056E-02  9.310501E-03  2.339464E-02  0.000000E+00  0.000000E+00  0.000000E+00  0.000000E+00
131  3.46763749E-03 -2.589013E+01 -2.887581E-02  1.049885E-02  2.497127E-02  0.000000E+00  0.000000E+00  0.000000E+00  0.000000E+00
132  3.71926180E-03 -2.588265E+01 -3.008050E-02  1.183499E-02  2.663200E-02  0.000000E+00  0.000000E+00  0.000000E+00  0.000000E+00
133  3.98682188E-03 -2.587475E+01 -3.125266E-02  1.333580E-02  2.837904E-02  0.000000E+00  0.000000E+00  0.000000E+00  0.000000E+00
134  4.27111767E-03 -2.586645E+01 -3.237900E-02  1.501979E-02  3.021439E-02  0.000000E+00  0.000000E+00  0.000000E+00  0.000000E+00
135  4.57297288E-03 -2.585771E+01 -3.344487E-02  1.690720E-02  3.213983E-02  0.000000E+00  0.000000E+00  0.000000E+00  0.000000E+00
136  4.89323459E-03 -2.584854E+01 -3.443429E-02  1.902009E-02  3.415691E-02  0.000000E+00  0.000000E+00  0.000000E+00  0.000000E+00
137  5.23277284E-03 -2.583893E+01 -3.532992E-02  2.138247E-02  3.626689E-02  0.000000E+00  0.000000E+00  0.000000E+00  0.000000E+00
138  5.59248014E-03 -2.582886E+01 -3.611310E-02  2.402039E-02  3.847072E-02  0.000000E+00  0.000000E+00  0.000000E+00  0.000000E+00
139  5.97327087E-03 -2.581833E+01 -3.676390E-02  2.696201E-02  4.076900E-02  0.000000E+00  0.000000E+00  0.000000E+00  0.000000E+00
140  6.37608073E-03 -2.580734E+01 -3.726117E-02  3.023771E-02  4.316196E-02  0.000000E+00  0.000000E+00  0.000000E+00  0.000000E+00
141  6.80186603E-03 -2.579589E+01 -3.758270E-02  3.388016E-02  4.564939E-02  0.000000E+00  0.000000E+00  0.000000E+00  0.000000E+00
142  7.25160295E-03 -2.578397E+01 -3.770529E-02  3.792439E-02  4.823066E-02  0.000000E+00  0.000000E+00  0.000000E+00  0.000000E+00
143  7.72628684E-03 -2.577157E+01 -3.760491E-02  4.240784E-02  5.090465E-02  0.000000E+00  0.000000E+00  0.000000E+00  0.000000E+00
144  8.22693133E-03 -2.575872E+01 -3.725694E-02  4.737036E-02  5.366971E-02  0.000000E+00  0.000000E+00  0.000000E+00  0.000000E+00
145  8.75456754E-03 -2.574540E+01 -3.663633E-02  5.285429E-02  5.652366E-02  0.000000E+00  0.000000E+00  0.000000E+00  0.000000E+00
146  9.31024314E-03 -2.573163E+01 -3.571787E-02  5.890439E-02  5.946373E-02  0.000000E+00  0.000000E+00  0.000000E+00  0.000000E+00
147  9.89502148E-03 -2.571741E+01 -3.447646E-02  6.556783E-02  6.248657E-02  0.000000E+00  0.000000E+00  0.000000E+00  0.000000E+00
148  1.05099806E-02 -2.570275E+01 -3.288739E-02  7.289414E-02  6.558819E-02  0.000000E+00  0.000000E+00  0.000000E+00  0.000000E+00
149  1.11562122E-02 -2.568767E+01 -3.092667E-02  8.093513E-02  6.876395E-02  0.000000E+00  0.000000E+00  0.000000E+00  0.000000E+00
150  1.18348208E-02 -2.567219E+01 -2.857137E-02  8.974470E-02  7.200854E-02  0.000000E+00  0.000000E+00  0.000000E+00  0.000000E+00
151  1.25469227E-02 -2.565631E+01 -2.579991E-02  9.937879E-02  7.531599E-02  0.000000E+00  0.000000E+00  0.000000E+00  0.000000E+00
152  1.32936448E-02 -2.564007E+01 -2.259248E-02  1.098951E-01  7.867963E-02  0.000000E+00  0.000000E+00  0.000000E+00  0.000000E+00
153  1.40761238E-02 -2.562348E+01 -1.893129E-02  1.213528E-01  8.209209E-02  0.000000E+00  0.000000E+00  0.000000E+00  0.000000E+00
154  1.48955048E-02 -2.560656E+01 -1.480098E-02  1.338124E-01  8.554532E-02  0.000000E+00  0.000000E+00  0.000000E+00  0.000000E+00
155  1.57529410E-02 -2.558936E+01 -1.018886E-02  1.473355E-01  8.903060E-02  0.000000E+00  0.000000E+00  0.000000E+00  0.000000E+00
156  1.66495919E-02 -2.557188E+01 -5.085256E-03  1.619841E-01  9.253850E-02  0.000000E+00  0.000000E+00  0.000000E+00  0.000000E+00
157  1.75866226E-02 -2.555418E+01  5.163179E-04  1.778204E-01  9.605898E-02  0.000000E+00  0.000000E+00  0.000000E+00  0.000000E+00
158  1.85652031E-02 -2.553627E+01  6.247095E-03  1.949063E-01  9.958138E-02  0.000000E+00  0.000000E+00  0.000000E+00  0.000000E+00
159  1.95865069E-02 -2.551820E+01  1.178096E-02  2.133032E-01  1.030943E-01  0.000000E+00  0.000000E+00  0.000000E+00  0.000000E+00
160  2.06517101E-02 -2.550000E+01  1.708186E-02  2.330709E-01  1.065859E-01  0.000000E+00  0.000000E+00  0.000000E+00  0.000000E+00
161  2.17619907E-02 -2.548171E+01  2.212710E-02  2.542675E-01  1.100438E-01  0.000000E+00  0.000000E+00  0.000000E+00  0.000000E+00
162  2.29185275E-02 -2.546337E+01  2.689540E-02  2.769485E-01  1.134550E-01  0.000000E+00  0.000000E+00  0.000000E+00  0.000000E+00
163  2.41224993E-02 -2.544502E+01  3.136715E-02  3.011661E-01  1.168062E-01  0.000000E+00  0.000000E+00  0.000000E+00  0.000000E+00
164  2.53750840E-02 -2.542670E+01  3.552468E-02  3.269690E-01  1.200838E-01  0.000000E+00  0.000000E+00  0.000000E+00  0.000000E+00
165  2.66774576E-02 -2.540845E+01  3.935247E-02  3.544010E-01  1.232737E-01  0.000000E+00  0.000000E+00  0.000000E+00  0.000000E+00
166  2.80307940E-02 -2.539031E+01  4.283737E-02  3.835007E-01  1.263618E-01  0.000000E+00  0.000000E+00  0.000000E+00  0.000000E+00
167  2.94362633E-02 -2.537232E+01  4.596876E-02  4.143007E-01  1.293338E-01  0.000000E+00  0.000000E+00  0.000000E+00  0.000000E+00
168  3.08950319E-02 -2.535453E+01  4.873873E-02  4.468268E-01  1.321754E-01  0.000000E+00  0.000000E+00  0.000000E+00  0.000000E+00
169  3.24082615E-02 -2.533698E+01  5.114217E-02  4.810971E-01  1.348722E-01  0.000000E+00  0.000000E+00  0.000000E+00  0.000000E+00
170  3.39771082E-02 -2.531969E+01  5.317687E-02  5.171216E-01  1.374102E-01  0.000000E+00  0.000000E+00  0.000000E+00  0.000000E+00
171  3.56027222E-02 -2.530272E+01  5.484352E-02  5.549011E-01  1.397753E-01  0.000000E+00  0.000000E+00  0.000000E+00  0.000000E+00
172  3.72862471E-02 -2.528609E+01  5.614574E-02  5.944269E-01  1.419542E-01  0.000000E+00  0.000000E+00  0.000000E+00  0.000000E+00
173  3.90288194E-02 -2.526983E+01  5.709002E-02  6.356797E-01  1.439337E-01  0.000000E+00  0.000000E+00  0.000000E+00  0.000000E+00
174  4.08315678E-02 -2.525399E+01  5.768563E-02  6.786293E-01  1.457012E-01  0.000000E+00  0.000000E+00  0.000000E+00  0.000000E+00
175  4.26956127E-02 -2.523859E+01  5.794450E-02  7.232341E-01  1.472449E-01  0.000000E+00  0.000000E+00  0.000000E+00  0.000000E+00
176  4.46220661E-02 -2.522365E+01  5.788105E-02  7.694403E-01  1.485537E-01  0.000000E+00  0.000000E+00  0.000000E+00  0.000000E+00
177  4.66120306E-02 -2.520920E+01  5.751197E-02  8.171817E-01  1.496173E-01  0.000000E+00  0.000000E+00  0.000000E+00  0.000000E+00
178  4.86665997E-02 -2.519526E+01  5.685602E-02  8.663795E-01  1.504265E-01  0.000000E+00  0.000000E+00  0.000000E+00  0.000000E+00
179  5.07868568E-02 -2.518185E+01  5.593373E-02  9.169417E-01  1.509729E-01  0.000000E+00  0.000000E+00  0.000000E+00  0.000000E+00
180  5.29738751E-02 -2.516898E+01  5.476715E-02  9.687636E-01  1.512494E-01  0.000000E+00  0.000000E+00  0.000000E+00  0.000000E+00
181  5.52287174E-02 -2.515666E+01  5.337952E-02  1.021727E+00  1.512503E-01  0.000000E+00  0.000000E+00  0.000000E+00  0.000000E+00
182  5.75524357E-02 -2.514491E+01  5.179497E-02  1.075701E+00  1.509708E-01  0.000000E+00  0.000000E+00  0.000000E+00  0.000000E+00
183  5.99460711E-02 -2.513372E+01  5.003822E-02  1.130542E+00  1.504078E-01  0.000000E+00  0.000000E+00  0.000000E+00  0.000000E+00
184  6.24106534E-02 -2.512310E+01  4.813421E-02  1.186094E+00  1.495595E-01  0.000000E+00  0.000000E+00  0.000000E+00  0.000000E+00
185  6.49472008E-02 -2.511306E+01  4.610786E-02  1.242190E+00  1.484253E-01  0.000000E+00  0.000000E+00  0.000000E+00  0.000000E+00
186  6.75567202E-02 -2.510358E+01  4.398370E-02  1.298650E+00  1.470065E-01  0.000000E+00  0.000000E+00  0.000000E+00  0.000000E+00
187  7.02402066E-02 -2.509465E+01  4.178566E-02  1.355284E+00  1.453057E-01  0.000000E+00  0.000000E+00  0.000000E+00  0.000000E+00
188  7.29986430E-02 -2.508628E+01  3.953675E-02  1.411895E+00  1.433270E-01  0.000000E+00  0.000000E+00  0.000000E+00  0.000000E+00
189  7.58330007E-02 -2.507845E+01  3.725886E-02  1.468275E+00  1.410759E-01  0.000000E+00  0.000000E+00  0.000000E+00  0.000000E+00
190  7.87442386E-02 -2.507115E+01  3.497256E-02  1.524209E+00  1.385598E-01  0.000000E+00  0.000000E+00  0.000000E+00  0.000000E+00
191  8.17333037E-02 -2.506436E+01  3.269689E-02  1.579477E+00  1.357871E-01  0.000000E+00  0.000000E+00  0.000000E+00  0.000000E+00
192  8.48011307E-02 -2.505806E+01  3.044930E-02  1.633853E+00  1.327679E-01  0.000000E+00  0.000000E+00  0.000000E+00  0.000000E+00
193  8.79486421E-02 -2.505224E+01  2.824545E-02  1.687109E+00  1.295135E-01  0.000000E+00  0.000000E+00  0.000000E+00  0.000000E+00
194  9.11767483E-02 -2.504688E+01  2.609922E-02  1.739015E+00  1.260367E-01  0.000000E+00  0.000000E+00  0.000000E+00  0.000000E+00
195  9.44863471E-02 -2.504195E+01  2.402262E-02  1.789342E+00  1.223514E-01  0.000000E+00  0.000000E+00  0.000000E+00  0.000000E+00
196  9.78783244E-02 -2.503743E+01  2.202583E-02  1.837859E+00  1.184724E-01  0.000000E+00  0.000000E+00  0.000000E+00  0.000000E+00
197  1.01353554E-01 -2.503331E+01  2.011720E-02  1.884344E+00  1.144160E-01  0.000000E+00  0.000000E+00  0.000000E+00  0.000000E+00
198  1.04912897E-01 -2.502956E+01  1.830330E-02  1.928575E+00  1.101990E-01  0.000000E+00  0.000000E+00  0.000000E+00  0.000000E+00
199  1.08557202E-01 -2.502616E+01  1.658902E-02  1.970339E+00  1.058392E-01  0.000000E+00  0.000000E+00  0.000000E+00  0.000000E+00
200  1.12287308E-01 -2.502308E+01  1.497766E-02  2.009433E+00  1.013550E-01  0.000000E+00  0.000000E+00  0.000000E+00  0.000000E+00
201  1.16104039E-01 -2.502031E+01  1.347101E-02  2.045661E+00  9.676520E-02  0.000000E+00  0.000000E+00  0.000000E+00  0.000000E+00
202  1.20008208E-01 -2.501781E+01  1.206955E-02  2.078842E+00  9.208925E-02  0.000000E+00  0.000000E+00  0.000000E+00  0.000000E+00
203  1.24000617E-01 -2.501558E+01  1.077252E-02  2.108805E+00  8.734667E-02  0.000000E+00  0.000000E+00  0.000000E+00  0.000000E+00
204  1.28082056E-01 -2.501358E+01  9.578102E-03  2.135397E+00  8.255714E-02  0.000000E+00  0.000000E+00  0.000000E+00  0.000000E+00
205  1.32253303E-01 -2.501181E+01  8.483553E-03  2.158478E+00  7.774028E-02  0.000000E+00  0.000000E+00  0.000000E+00  0.000000E+00
206  1.36515124E-01 -2.501023E+01  7.485353E-03  2.177928E+00  7.291556E-02  0.000000E+00  0.000000E+00  0.000000E+00  0.000000E+00
207  1.40868274E-01 -2.500884E+01  6.579347E-03  2.193644E+00  6.810212E-02  0.000000E+00  0.000000E+00  0.000000E+00  0.000000E+00
208  1.45313497E-01 -2.500762E+01  5.760882E-03  2.205543E+00  6.331866E-02  0.000000E+00  0.000000E+00  0.000000E+00  0.000000E+00
209  1.49851526E-01 -2.500654E+01  5.024933E-03  2.213560E+00  5.858330E-02  0.000000E+00  0.000000E+00  0.000000E+00  0.000000E+00
210  1.54483082E-01 -2.500560E+01  4.366226E-03  2.217652E+00  5.391347E-02  0.000000E+00  0.000000E+00  0.000000E+00  0.000000E+00
211  1.59208877E-01 -2.500478E+01  3.779340E-03  2.217799E+00  4.932578E-02  0.000000E+00  0.000000E+00  0.000000E+00  0.000000E+00
212  1.64029608E-01 -2.500406E+01  3.258809E-03  2.213997E+00  4.483595E-02  0.000000E+00  0.000000E+00  0.000000E+00  0.000000E+00
213  1.68945966E-01 -2.500345E+01  2.799201E-03  2.206268E+00  4.045868E-02  0.000000E+00  0.000000E+00  0.000000E+00  0.000000E+00
214  1.73958630E-01 -2.500291E+01  2.395194E-03  2.194652E+00  3.620757E-02  0.000000E+00  0.000000E+00  0.000000E+00  0.000000E+00
215  1.79068266E-01 -2.500245E+01  2.041633E-03  2.179211E+00  3.209510E-02  0.000000E+00  0.000000E+00  0.000000E+00  0.000000E+00
216  1.84275534E-01 -2.500206E+01  1.733582E-03  2.160027E+00  2.813249E-02  0.000000E+00  0.000000E+00  0.000000E+00  0.000000E+00
217  1.89581081E-01 -2.500172E+01  1.466356E-03  2.137200E+00  2.432975E-02  0.000000E+00  0.000000E+00  0.000000E+00  0.000000E+00
218  1.94985545E-01 -2.500144E+01  1.235556E-03  2.110849E+00  2.069555E-02  0.000000E+00  0.000000E+00  0.000000E+00  0.000000E+00
219  2.00489553E-01 -2.500120E+01  1.037079E-03  2.081112E+00  1.723728E-02  0.000000E+00  0.000000E+00  0.000000E+00  0.000000E+00
220  2.06093724E-01 -2.500099E+01  8.671346E-04  2.048141E+00  1.396099E-02  0.000000E+00  0.000000E+00  0.000000E+00  0.000000E+00
221  2.11798667E-01 -2.500082E+01  7.222474E-04  2.012103E+00  1.087141E-02  0.000000E+00  0.000000E+00  0.000000E+00  0.000000E+00
222  2.17604981E-01 -2.500067E+01  5.992513E-04  1.973181E+00  7.971976E-03  0.000000E+00  0.000000E+00  0.000000E+00  0.000000E+00
223  2.23513255E-01 -2.500055E+01  4.952841E-04  1.931566E+00  5.264858E-03  0.000000E+00  0.000000E+00  0.000000E+00  0.000000E+00
224  2.29524072E-01 -2.500045E+01  4.077756E-04  1.887462E+00  2.750979E-03  0.000000E+00  0.000000E+00  0.000000E+00  0.000000E+00
225  2.35638002E-01 -2.500037E+01  3.344325E-04  1.841082E+00  4.300738E-04  0.000000E+00  0.000000E+00  0.000000E+00  0.000000E+00
226  2.41855610E-01 -2.500030E+01  2.732216E-04  1.792644E+00 -1.699252E-03  0.000000E+00  0.000000E+00  0.000000E+00  0.000000E+00
227  2.48177448E-01 -2.500024E+01  2.223514E-04  1.742372E+00 -3.639464E-03  0.000000E+00  0.000000E+00  0.000000E+00  0.000000E+00
228  2.54604064E-01 -2.500019E+01  1.802527E-04  1.690495E+00 -5.394021E-03  0.000000E+00  0.000000E+00  0.000000E+00  0.000000E+00
229  2.61135995E-01 -2.500016E+01  1.455591E-04  1.637242E+00 -6.967307E-03  0.000000E+00  0.000000E+00  0.000000E+00  0.000000E+00
230  2.67773770E-01 -2.500012E+01  1.170879E-04  1.582844E+00 -8.364541E-03  0.000000E+00  0.000000E+00  0.000000E+00  0.000000E+00
231  2.74517910E-01 -2.500010E+01  9.382062E-05  1.527528E+00 -9.591699E-03  0.000000E+00  0.000000E+00  0.000000E+00  0.000000E+00
232  2.81368928E-01 -2.500008E+01  7.488535E-05  1.471520E+00 -1.065542E-02  0.000000E+00  0.000000E+00  0.000000E+00  0.000000E+00
233  2.88327330E-01 -2.500006E+01  5.953968E-05  1.415042E+00 -1.156292E-02  0.000000E+00  0.000000E+00  0.000000E+00  0.000000E+00
234  2.95393612E-01 -2.500005E+01  4.715480E-05  1.358308E+00 -1.232192E-02  0.000000E+00  0.000000E+00  0.000000E+00  0.000000E+00
235  3.02568265E-01 -2.500004E+01  3.720092E-05  1.301527E+00 -1.294050E-02  0.000000E+00  0.000000E+00  0.000000E+00  0.000000E+00
236  3.09851772E-01 -2.500003E+01  2.923401E-05  1.244899E+00 -1.342710E-02  0.000000E+00  0.000000E+00  0.000000E+00  0.000000E+00
237  3.17244607E-01 -2.500002E+01  2.288383E-05  1.188614E+00 -1.379035E-02  0.000000E+00  0.000000E+00  0.000000E+00  0.000000E+00
238  3.24747238E-01 -2.500002E+01  1.784321E-05  1.132852E+00 -1.403905E-02  0.000000E+00  0.000000E+00  0.000000E+00  0.000000E+00
239  3.32360126E-01 -2.500001E+01  1.385860E-05  1.077783E+00 -1.418204E-02  0.000000E+00  0.000000E+00  0.000000E+00  0.000000E+00
240  3.40083725E-01 -2.500001E+01  1.072178E-05  1.023565E+00 -1.422817E-02  0.000000E+00  0.000000E+00  0.000000E+00  0.000000E+00
241  3.47918482E-01 -2.500001E+01  8.262528E-06  9.703427E-01 -1.418623E-02  0.000000E+00  0.000000E+00  0.000000E+00  0.000000E+00
242  3.55864838E-01 -2.500001E+01  6.342438E-06  9.182489E-01 -1.406484E-02  0.000000E+00  0.000000E+00  0.000000E+00  0.000000E+00
243  3.63923225E-01 -2.500000E+01  4.849476E-06  8.674037E-01 -1.387244E-02  0.000000E+00  0.000000E+00  0.000000E+00  0.000000E+00
244  3.72094072E-01 -2.500000E+01  3.693403E-06  8.179140E-01 -1.361723E-02  0.000000E+00  0.000000E+00  0.000000E+00  0.000000E+00
245  3.80377799E-01 -2.500000E+01  2.801881E-06  7.698736E-01 -1.330710E-02  0.000000E+00  0.000000E+00  0.000000E+00  0.000000E+00
246  3.88774820E-01 -2.500000E+01  2.117200E-06  7.233636E-01 -1.294963E-02  0.000000E+00  0.000000E+00  0.000000E+00  0.000000E+00
247  3.97285545E-01 -2.500000E+01  1.593533E-06  6.784520E-01 -1.255200E-02  0.000000E+00  0.000000E+00  0.000000E+00  0.000000E+00
248  4.05910376E-01 -2.500000E+01  1.194662E-06  6.351946E-01 -1.212104E-02  0.000000E+00  0.000000E+00  0.000000E+00  0.000000E+00
249  4.14649708E-01 -2.500000E+01  8.920947E-07  5.936352E-01 -1.166314E-02  0.000000E+00  0.000000E+00  0.000000E+00  0.000000E+00
250  4.23503934E-01 -2.500000E+01  6.635245E-07  5.538058E-01 -1.118426E-02  0.000000E+00  0.000000E+00  0.000000E+00  0.000000E+00
251  4.32473437E-01 -2.500000E+01  4.915642E-07  5.157276E-01 -1.068994E-02  0.000000E+00  0.000000E+00  0.000000E+00  0.000000E+00
252  4.41558597E-01 -2.500000E+01  3.627257E-07  4.794111E-01 -1.018526E-02  0.000000E+00  0.000000E+00  0.000000E+00  0.000000E+00
253  4.50759788E-01 -2.500000E+01  2.665929E-07  4.448572E-01 -9.674853E-03  0.000000E+00  0.000000E+00  0.000000E+00  0.000000E+00
254  4.60077379E-01 -2.500000E+01  1.951589E-07  4.120575E-01 -9.162924E-03  0.000000E+00  0.000000E+00  0.000000E+00  0.000000E+00
255  4.69511732E-01 -2.500000E+01  1.422966E-07  3.809953E-01 -8.653239E-03  0.000000E+00  0.000000E+00  0.000000E+00  0.000000E+00
256  4.79063206E-01 -2.500000E+01  1.033391E-07  3.516461E-01 -8.149139E-03  0.000000E+00  0.000000E+00  0.000000E+00  0.000000E+00
257  4.88732153E-01 -2.500000E+01  7.474728E-08  3.239787E-01 -7.653562E-03  0.000000E+00  0.000000E+00  0.000000E+00  0.000000E+00
258  4.98518921E-01 -2.500000E+01  5.384980E-08  2.979554E-01 -7.169051E-03  0.000000E+00  0.000000E+00  0.000000E+00  0.000000E+00
259  5.08423852E-01 -2.500000E+01  3.863916E-08  2.735334E-01 -6.697781E-03  0.000000E+00  0.000000E+00  0.000000E+00  0.000000E+00
260  5.18447285E-01 -2.500000E+01  2.761359E-08  2.506648E-01 -6.241572E-03  0.000000E+00  0.000000E+00  0.000000E+00  0.000000E+00
261  5.28589552E-01 -2.500000E+01  1.965472E-08  2.292980E-01 -5.801916E-03  0.000000E+00  0.000000E+00  0.000000E+00  0.000000E+00
262  5.38850983E-01 -2.500000E+01  1.393336E-08  2.093779E-01 -5.380001E-03  0.000000E+00  0.000000E+00  0.000000E+00  0.000000E+00
263  5.49231900E-01 -2.500000E+01  9.837557E-09  1.908469E-01 -4.976727E-03  0.000000E+00  0.000000E+00  0.000000E+00  0.000000E+00
264  5.59732624E-01 -2.500000E+01  6.917638E-09  1.736453E-01 -4.592741E-03  0.000000E+00  0.000000E+00  0.000000E+00  0.000000E+00
265  5.70353468E-01 -2.500000E+01  4.844662E-09  1.577118E-01 -4.228451E-03  0.000000E+00  0.000000E+00  0.000000E+00  0.000000E+00
266  5.81094745E-01 -2.500000E+01  3.379107E-09  1.429844E-01 -3.884054E-03  0.000000E+00  0.000000E+00  0.000000E+00  0.000000E+00
267  5.91956759E-01 -2.500000E+01  2.347303E-09  1.294005E-01 -3.559561E-03  0.000000E+00  0.000000E+00  0.000000E+00  0.000000E+00
268  6.02939812E-01 -2.500000E+01  1.623910E-09  1.168978E-01 -3.254816E-03  0.000000E+00  0.000000E+00  0.000000E+00  0.000000E+00
269  6.14044204E-01 -2.500000E+01  1.118860E-09  1.054143E-01 -2.969516E-03  0.000000E+00  0.000000E+00  0.000000E+00  0.000000E+00
270  6.25270226E-01 -2.500000E+01  7.677343E-10  9.488895E-02 -2.703238E-03  0.000000E+00  0.000000E+00  0.000000E+00  0.000000E+00
271  6.36618170E-01 -2.500000E+01  5.246363E-10  8.526171E-02 -2.455452E-03  0.000000E+00  0.000000E+00  0.000000E+00  0.000000E+00
272  6.48088321E-01 -2.500000E+01  3.570406E-10  7.647418E-02 -2.225541E-03  0.000000E+00  0.000000E+00  0.000000E+00  0.000000E+00
273  6.59680961E-01 -2.500000E+01  2.419824E-10  6.846960E-02 -2.012821E-03  0.000000E+00  0.000000E+00  0.000000E+00  0.000000E+00
274  6.71396368E-01 -2.500000E+01  1.633254E-10  6.119315E-02 -1.816548E-03  0.000000E+00  0.000000E+00  0.000000E+00  0.000000E+00
275  6.83234816E-01 -2.500000E+01  1.097824E-10  5.459209E-02 -1.635944E-03  0.000000E+00  0.000000E+00  0.000000E+00  0.000000E+00
276  6.95196578E-01 -2.500000E+01  0.000000E+00  4.861590E-02 -1.470199E-03  0.000000E+00  0.000000E+00  0.000000E+00  0.000000E+00
277  7.07281919E-01 -2.500000E+01  0.000000E+00  4.321639E-02 -1.318487E-03  0.000000E+00  0.000000E+00  0.000000E+00  0.000000E+00
278  7.19491103E-01 -2.500000E+01  0.000000E+00  3.834777E-02 -1.179977E-03  0.000000E+00  0.000000E+00  0.000000E+00  0.000000E+00
279  7.31824392E-01 -2.500000E+01  0.000000E+00  3.396666E-02 -1.053839E-03  0.000000E+00  0.000000E+00  0.000000E+00  0.000000E+00
280  7.44282041E-01 -2.500000E+01  0.000000E+00  3.003217E-02 -9.392552E-04  0.000000E+00  0.000000E+00  0.000000E+00  0.000000E+00
281  7.56864304E-01 -2.500000E+01  0.000000E+00  2.650583E-02 -8.354220E-04  0.000000E+00  0.000000E+00  0.000000E+00  0.000000E+00
282  7.69571431E-01 -2.500000E+01  0.000000E+00  2.335162E-02 -7.415590E-04  0.000000E+00  0.000000E+00  0.000000E+00  0.000000E+00
283  7.82403669E-01 -2.500000E+01  0.000000E+00  2.053586E-02 -6.569120E-04  0.000000E+00  0.000000E+00  0.000000E+00  0.000000E+00
284  7.95361262E-01 -2.500000E+01  0.000000E+00  1.802725E-02 -5.807568E-04  0.000000E+00  0.000000E+00  0.000000E+00  0.000000E+00
285  8.08444450E-01 -2.500000E+01  0.000000E+00  1.579669E-02 -5.124021E-04  0.000000E+00  0.000000E+00  0.000000E+00  0.000000E+00
286  8.21653472E-01 -2.500000E+01  0.000000E+00  1.381728E-02 -4.511909E-04  0.000000E+00  0.000000E+00  0.000000E+00  0.000000E+00
287  8.34988561E-01 -2.500000E+01  0.000000E+00  1.206421E-02 -3.965025E-04  0.000000E+00  0.000000E+00  0.000000E+00  0.000000E+00
288  8.48449949E-01 -2.500000E+01  0.000000E+00  1.051466E-02 -3.477530E-04  0.000000E+00  0.000000E+00  0.000000E+00  0.000000E+00
289  8.62037865E-01 -2.500000E+01  0.000000E+00  9.147674E-03 -3.043955E-04  0.000000E+00  0.000000E+00  0.000000E+00  0.000000E+00
290  8.75752535E-01 -2.500000E+01  0.000000E+00  7.944116E-03 -2.659198E-04  0.000000E+00  0.000000E+00  0.000000E+00  0.000000E+00
291  8.89594180E-01 -2.500000E+01  0.000000E+00  6.886516E-03 -2.318520E-04  0.000000E+00  0.000000E+00  0.000000E+00  0.000000E+00
292  9.03563023E-01 -2.500000E+01  0.000000E+00  5.958987E-03 -2.017536E-04  0.000000E+00  0.000000E+00  0.000000E+00  0.000000E+00
293  9.17659279E-01 -2.500000E+01  0.000000E+00  5.147118E-03 -1.752203E-04  0.000000E+00  0.000000E+00  0.000000E+00  0.000000E+00
294  9.31883164E-01 -2.500000E+01  0.000000E+00  4.437867E-03 -1.518806E-04  0.000000E+00  0.000000E+00  0.000000E+00  0.000000E+00
295  9.46234889E-01 -2.500000E+01  0.000000E+00  3.819468E-03 -1.313946E-04  0.000000E+00  0.000000E+00  0.000000E+00  0.000000E+00
296  9.60714664E-01 -2.500000E+01  0.000000E+00  3.281328E-03 -1.134518E-04  0.000000E+00  0.000000E+00  0.000000E+00  0.000000E+00
297  9.75322697E-01 -2.500000E+01  0.000000E+00  2.813937E-03 -9.777023E-05  0.000000E+00  0.000000E+00  0.000000E+00  0.000000E+00
298  9.90059191E-01 -2.500000E+01  0.000000E+00  2.408778E-03 -8.409391E-05  0.000000E+00  0.000000E+00  0.000000E+00  0.000000E+00
299  1.00492435E+00 -2.500000E+01  0.000000E+00  2.058245E-03 -7.219166E-05  0.000000E+00  0.000000E+00  0.000000E+00  0.000000E+00
300  1.01991837E+00 -2.500000E+01  0.000000E+00  1.755555E-03 -6.185512E-05  0.000000E+00  0.000000E+00  0.000000E+00  0.000000E+00
301  1.03504145E+00 -2.500000E+01  0.000000E+00  1.494684E-03 -5.289712E-05  0.000000E+00  0.000000E+00  0.000000E+00  0.000000E+00
302  1.05029378E+00 -2.500000E+01  0.000000E+00  1.270285E-03 -4.514999E-05  0.000000E+00  0.000000E+00  0.000000E+00  0.000000E+00
303  1.06567557E+00 -2.500000E+01  0.000000E+00  1.077630E-03 -3.846396E-05  0.000000E+00  0.000000E+00  0.000000E+00  0.000000E+00
304  1.08118698E+00 -2.500000E+01  0.000000E+00  9.125466E-04 -3.270561E-05  0.000000E+00  0.000000E+00  0.000000E+00  0.000000E+00
305  1.09682823E+00 -2.500000E+01  0.000000E+00  7.713594E-04 -2.775644E-05  0.000000E+00  0.000000E+00  0.000000E+00  0.000000E+00
306  1.11259948E+00 -2.500000E+01  0.000000E+00  6.508408E-04 -2.351147E-05  0.000000E+00  0.000000E+00  0.000000E+00  0.000000E+00
307  1.12850093E+00 -2.500000E+01  0.000000E+00  5.481619E-04 -1.987794E-05  0.000000E+00  0.000000E+00  0.000000E+00  0.000000E+00
308  1.14453276E+00 -2.500000E+01  0.000000E+00  4.608491E-04 -1.677412E-05  0.000000E+00  0.000000E+00  0.000000E+00  0.000000E+00
309  1.16069514E+00 -2.500000E+01  0.000000E+00  3.867447E-04 -1.412817E-05  0.000000E+00  0.000000E+00  0.000000E+00  0.000000E+00
310  1.17698825E+00 -2.500000E+01  0.000000E+00  3.239704E-04 -1.187711E-05  0.000000E+00  0.000000E+00  0.000000E+00  0.000000E+00
311  1.19341227E+00 -2.500000E+01  0.000000E+00  2.708955E-04 -9.965877E-06  0.000000E+00  0.000000E+00  0.000000E+00  0.000000E+00
312  1.20996737E+00 -2.500000E+01  0.000000E+00  2.261065E-04 -8.346431E-06  0.000000E+00  0.000000E+00  0.000000E+00  0.000000E+00
313  1.22665372E+00 -2.500000E+01  0.000000E+00  1.883820E-04 -6.976981E-06  0.000000E+00  0.000000E+00  0.000000E+00  0.000000E+00
314  1.24347149E+00 -2.500000E+01  0.000000E+00  1.566680E-04 -5.821254E-06  0.000000E+00  0.000000E+00  0.000000E+00  0.000000E+00
315  1.26042085E+00 -2.500000E+01  0.000000E+00  1.300576E-04 -4.847845E-06  0.000000E+00  0.000000E+00  0.000000E+00  0.000000E+00
316  1.27750196E+00 -2.500000E+01  0.000000E+00  1.077719E-04 -4.029625E-06  0.000000E+00  0.000000E+00  0.000000E+00  0.000000E+00
317  1.29471499E+00 -2.500000E+01  0.000000E+00  8.914346E-05 -3.343221E-06  0.000000E+00  0.000000E+00  0.000000E+00  0.000000E+00
318  1.31206010E+00 -2.500000E+01  0.000000E+00  7.360160E-05 -2.768539E-06  0.000000E+00  0.000000E+00  0.000000E+00  0.000000E+00
319  1.32953745E+00 -2.500000E+01  0.000000E+00  6.065949E-05 -2.288348E-06  0.000000E+00  0.000000E+00  0.000000E+00  0.000000E+00
320  1.34714720E+00 -2.500000E+01  0.000000E+00  4.990266E-05 -1.887904E-06  0.000000E+00  0.000000E+00  0.000000E+00  0.000000E+00
321  1.36488949E+00 -2.500000E+01  0.000000E+00  4.097906E-05 -1.554622E-06  0.000000E+00  0.000000E+00  0.000000E+00  0.000000E+00
322  1.38276450E+00 -2.500000E+01  0.000000E+00  3.359026E-05 -1.277784E-06  0.000000E+00  0.000000E+00  0.000000E+00  0.000000E+00
323  1.40077237E+00 -2.500000E+01  0.000000E+00  2.748385E-05 -1.048281E-06  0.000000E+00  0.000000E+00  0.000000E+00  0.000000E+00
324  1.41891325E+00 -2.500000E+01  0.000000E+00  2.244681E-05 -8.583945E-07  0.000000E+00  0.000000E+00  0.000000E+00  0.000000E+00
325  1.43718729E+00 -2.500000E+01  0.000000E+00  1.829971E-05 -7.015928E-07  0.000000E+00  0.000000E+00  0.000000E+00  0.000000E+00
326  1.45559464E+00 -2.500000E+01  0.000000E+00  1.489176E-05 -5.723646E-07  0.000000E+00  0.000000E+00  0.000000E+00  0.000000E+00
327  1.47413545E+00 -2.500000E+01  0.000000E+00  1.209650E-05 -4.660691E-07  0.000000E+00  0.000000E+00  0.000000E+00  0.000000E+00
328  1.49280985E+00 -2.500000E+01  0.000000E+00  9.808120E-06 -3.788072E-07  0.000000E+00  0.000000E+00  0.000000E+00  0.000000E+00
329  1.51161801E+00 -2.500000E+01  0.000000E+00  7.938224E-06 -3.073101E-07  0.000000E+00  0.000000E+00  0.000000E+00  0.000000E+00
330  1.53056005E+00 -2.500000E+01  0.000000E+00  6.413166E-06 -2.488437E-07  0.000000E+00  0.000000E+00  0.000000E+00  0.000000E+00
331  1.54963612E+00 -2.500000E+01  0.000000E+00  5.171696E-06 -2.011258E-07  0.000000E+00  0.000000E+00  0.000000E+00  0.000000E+00
332  1.56884635E+00 -2.500000E+01  0.000000E+00  4.162983E-06 -1.622560E-07  0.000000E+00  0.000000E+00  0.000000E+00  0.000000E+00
333  1.58819089E+00 -2.500000E+01  0.000000E+00  3.344931E-06 -1.306549E-07  0.000000E+00  0.000000E+00  0.000000E+00  0.000000E+00
334  1.60766986E+00 -2.500000E+01  0.000000E+00  2.682752E-06 -1.050130E-07  0.000000E+00  0.000000E+00  0.000000E+00  0.000000E+00
335  1.62728341E+00 -2.500000E+01  0.000000E+00  2.147753E-06 -8.424672E-08  0.000000E+00  0.000000E+00  0.000000E+00  0.000000E+00
336  1.64703167E+00 -2.500000E+01  0.000000E+00  1.716321E-06 -6.746148E-08  0.000000E+00  0.000000E+00  0.000000E+00  0.000000E+00
337  1.66691476E+00 -2.500000E+01  0.000000E+00  1.369061E-06 -5.392025E-08  0.000000E+00  0.000000E+00  0.000000E+00  0.000000E+00
338  1.68693283E+00 -2.500000E+01  0.000000E+00  1.090077E-06 -4.301712E-08  0.000000E+00  0.000000E+00  0.000000E+00  0.000000E+00
339  1.70708599E+00 -2.500000E+01  0.000000E+00  8.663660E-07 -3.425504E-08  0.000000E+00  0.000000E+00  0.000000E+00  0.000000E+00
340  1.72737437E+00 -2.500000E+01  0.000000E+00  6.873138E-07 -2.722710E-08  0.000000E+00  0.000000E+00  0.000000E+00  0.000000E+00
341  1.74779811E+00 -2.500000E+01  0.000000E+00  5.442747E-07 -2.160092E-08  0.000000E+00  0.000000E+00  0.000000E+00  0.000000E+00
342  1.76835733E+00 -2.500000E+01  0.000000E+00  4.302199E-07 -1.710556E-08  0.000000E+00  0.000000E+00  0.000000E+00  0.000000E+00
343  1.78905215E+00 -2.500000E+01  0.000000E+00  3.394468E-07 -1.352063E-08  0.000000E+00  0.000000E+00  0.000000E+00  0.000000E+00
344  1.80988269E+00 -2.500000E+01  0.000000E+00  2.673387E-07 -1.066721E-08  0.000000E+00  0.000000E+00  0.000000E+00  0.000000E+00
345  1.83084908E+00 -2.500000E+01  0.000000E+00  2.101651E-07 -8.400393E-09  0.000000E+00  0.000000E+00  0.000000E+00  0.000000E+00
346  1.85195143E+00 -2.500000E+01  0.000000E+00  1.649179E-07 -6.603028E-09  0.000000E+00  0.000000E+00  0.000000E+00  0.000000E+00
347  1.87318987E+00 -2.500000E+01  0.000000E+00  1.291764E-07 -5.180619E-09  0.000000E+00  0.000000E+00  0.000000E+00  0.000000E+00
348  1.89456451E+00 -2.500000E+01  0.000000E+00  1.009966E-07 -4.057096E-09  0.000000E+00  0.000000E+00  0.000000E+00  0.000000E+00
349  1.91607547E+00 -2.500000E+01  0.000000E+00  7.882026E-08 -3.171350E-09  0.000000E+00  0.000000E+00  0.000000E+00  0.000000E+00
350  1.93772286E+00 -2.500000E+01  0.000000E+00  6.140119E-08 -2.474391E-09  0.000000E+00  0.000000E+00  0.000000E+00  0.000000E+00
351  1.95950681E+00 -2.500000E+01  0.000000E+00  4.774449E-08 -1.927027E-09  0.000000E+00  0.000000E+00  0.000000E+00  0.000000E+00
352  1.98142741E+00 -2.500000E+01  0.000000E+00  3.705757E-08 -1.497969E-09  0.000000E+00  0.000000E+00  0.000000E+00  0.000000E+00
353  2.00348479E+00 -2.500000E+01  0.000000E+00  2.871030E-08 -1.162287E-09  0.000000E+00  0.000000E+00  0.000000E+00  0.000000E+00
354  2.02567906E+00 -2.500000E+01  0.000000E+00  2.220268E-08 -9.001603E-10  0.000000E+00  0.000000E+00  0.000000E+00  0.000000E+00
355  2.04801032E+00 -2.500000E+01  0.000000E+00  1.713878E-08 -6.958600E-10  0.000000E+00  0.000000E+00  0.000000E+00  0.000000E+00
356  2.07047869E+00 -2.500000E+01  0.000000E+00  1.320568E-08 -5.369325E-10  0.000000E+00  0.000000E+00  0.000000E+00  0.000000E+00
357  2.09308427E+00 -2.500000E+01  0.000000E+00  1.015660E-08 -4.135360E-10  0.000000E+00  0.000000E+00  0.000000E+00  0.000000E+00
358  2.11582716E+00 -2.500000E+01  0.000000E+00  7.797256E-09 -3.179091E-10  0.000000E+00  0.000000E+00  0.000000E+00  0.000000E+00
359  2.13870749E+00 -2.500000E+01  0.000000E+00  5.975046E-09 -2.439430E-10  0.000000E+00  0.000000E+00  0.000000E+00  0.000000E+00
360  2.16172534E+00 -2.500000E+01  0.000000E+00  4.570319E-09 -1.868400E-10  0.000000E+00  0.000000E+00  0.000000E+00  0.000000E+00
361  2.18488083E+00 -2.500000E+01  0.000000E+00  3.489454E-09 -1.428391E-10  0.000000E+00  0.000000E+00  0.000000E+00  0.000000E+00
362  2.20817406E+00 -2.500000E+01  0.000000E+00  2.659339E-09 -1.089985E-10  0.000000E+00  0.000000E+00  0.000000E+00  0.000000E+00
363  2.23160512E+00 -2.500000E+01  0.000000E+00  2.022997E-09 -8.302143E-11  0.000000E+00  0.000000E+00  0.000000E+00  0.000000E+00
364  2.25517413E+00 -2.500000E+01  0.000000E+00  1.536109E-09 -6.311837E-11  0.000000E+00  0.000000E+00  0.000000E+00  0.000000E+00
365  2.27888118E+00 -2.500000E+01  0.000000E+00  1.164269E-09 -4.789800E-11  0.000000E+00  0.000000E+00  0.000000E+00  0.000000E+00
366  2.30272636E+00 -2.500000E+01  0.000000E+00  8.808250E-10 -3.628065E-11  0.000000E+00  0.000000E+00  0.000000E+00  0.000000E+00
367  2.32670978E+00 -2.500000E+01  0.000000E+00  6.651665E-10 -2.743019E-11  0.000000E+00  0.000000E+00  0.000000E+00  0.000000E+00
368  2.35083154E+00 -2.500000E+01  0.000000E+00  5.013897E-10 -2.070040E-11  0.000000E+00  0.000000E+00  0.000000E+00  0.000000E+00
369  2.37509173E+00 -2.500000E+01  0.000000E+00  3.772460E-10 -1.559282E-11  0.000000E+00  0.000000E+00  0.000000E+00  0.000000E+00
370  2.39949045E+00 -2.500000E+01  0.000000E+00  2.833204E-10 -1.172375E-11  0.000000E+00  0.000000E+00  0.000000E+00  0.000000E+00
371  2.42402779E+00 -2.500000E+01  0.000000E+00  2.123903E-10 -8.798416E-12  0.000000E+00  0.000000E+00  0.000000E+00  0.000000E+00
372  2.44870385E+00 -2.500000E+01  0.000000E+00  1.589261E-10 -6.594616E-12  0.000000E+00  0.000000E+00  0.000000E+00  0.000000E+00
373  2.47351871E+00 -2.500000E+01  0.000000E+00  1.187024E-10 -4.919525E-12  0.000000E+00  0.000000E+00  0.000000E+00  0.000000E+00
