#      n =  1
#  kappa = -1
# energy = -8.82669237E+03
#     dn =  1.44549229E-02
#SelfEne =  2.72113860E+32
#     vc = -1.80382609E+04
#  ilast =  273
#    rfn =  1.09746035E+00
#    pdx =  9.99827220E-01
#   bqp0 = -4.25391799E-05
#   bqp1 =  0.00000000E+00
#    idx = 0
# LEPTON = 0
#   MASS =  1.00000000E+00
# CHARGE =  1.00000000E+00
#  EUNIT =  2.72113860E+01
#  RUNIT =  4.13413733E+16
#  LUNIT =  5.29177211E-01
#    AMU =  1.82288849E+03
#    FSC =  7.29735257E-03


0    3.84615385E-08 -1.749943E-02 -4.202146E-07  1.130095E-05 -4.810448E-10  0.000000E+00  0.000000E+00  0.000000E+00  0.000000E+00
1    4.21538616E-08 -1.917938E-02 -4.605438E-07  1.238565E-05 -5.778314E-10  0.000000E+00  0.000000E+00  0.000000E+00  0.000000E+00
2    4.62005013E-08 -2.102054E-02 -5.047431E-07  1.357444E-05 -6.940869E-10  0.000000E+00  0.000000E+00  0.000000E+00  0.000000E+00
3    5.06354359E-08 -2.303837E-02 -5.531834E-07  1.487730E-05 -8.337265E-10  0.000000E+00  0.000000E+00  0.000000E+00  0.000000E+00
4    5.54958993E-08 -2.524981E-02 -6.062715E-07  1.630516E-05 -1.001453E-09  0.000000E+00  0.000000E+00  0.000000E+00  0.000000E+00
5    6.08226920E-08 -2.767342E-02 -6.644531E-07  1.787002E-05 -1.202913E-09  0.000000E+00  0.000000E+00  0.000000E+00  0.000000E+00
6    6.66605223E-08 -3.032954E-02 -7.282163E-07  1.958501E-05 -1.444891E-09  0.000000E+00  0.000000E+00  0.000000E+00  0.000000E+00
7    7.30583799E-08 -3.324047E-02 -7.980964E-07  2.146452E-05 -1.735532E-09  0.000000E+00  0.000000E+00  0.000000E+00  0.000000E+00
8    8.00699453E-08 -3.643062E-02 -8.746796E-07  2.352432E-05 -2.084619E-09  0.000000E+00  0.000000E+00  0.000000E+00  0.000000E+00
9    8.77540382E-08 -3.992677E-02 -9.586083E-07  2.578168E-05 -2.503902E-09  0.000000E+00  0.000000E+00  0.000000E+00  0.000000E+00
10   9.61751081E-08 -4.375822E-02 -1.050587E-06  2.825556E-05 -3.007491E-09  0.000000E+00  0.000000E+00  0.000000E+00  0.000000E+00
11   1.05403773E-07 -4.795713E-02 -1.151386E-06  3.096668E-05 -3.612330E-09  0.000000E+00  0.000000E+00  0.000000E+00  0.000000E+00
12   1.15517407E-07 -5.255867E-02 -1.261851E-06  3.393778E-05 -4.338767E-09  0.000000E+00  0.000000E+00  0.000000E+00  0.000000E+00
13   1.26600788E-07 -5.760144E-02 -1.382907E-06  3.719376E-05 -5.211239E-09  0.000000E+00  0.000000E+00  0.000000E+00  0.000000E+00
14   1.38746801E-07 -6.312768E-02 -1.515570E-06  4.076191E-05 -6.259089E-09  0.000000E+00  0.000000E+00  0.000000E+00  0.000000E+00
15   1.52057213E-07 -6.918369E-02 -1.660951E-06  4.467213E-05 -7.517551E-09  0.000000E+00  0.000000E+00  0.000000E+00  0.000000E+00
16   1.66643523E-07 -7.582021E-02 -1.820267E-06  4.895717E-05 -9.028937E-09  0.000000E+00  0.000000E+00  0.000000E+00  0.000000E+00
17   1.82627885E-07 -8.309284E-02 -1.994853E-06  5.365292E-05 -1.084405E-08  0.000000E+00  0.000000E+00  0.000000E+00  0.000000E+00
18   2.00144127E-07 -9.106243E-02 -2.186170E-06  5.879870E-05 -1.302389E-08  0.000000E+00  0.000000E+00  0.000000E+00  0.000000E+00
19   2.19338863E-07 -9.979568E-02 -2.395820E-06  6.443756E-05 -1.564171E-08  0.000000E+00  0.000000E+00  0.000000E+00  0.000000E+00
20   2.40372711E-07 -1.093657E-01 -2.625556E-06  7.061670E-05 -1.878544E-08  0.000000E+00  0.000000E+00  0.000000E+00  0.000000E+00
21   2.63421624E-07 -1.198525E-01 -2.877301E-06  7.738782E-05 -2.256068E-08  0.000000E+00  0.000000E+00  0.000000E+00  0.000000E+00
22   2.88678352E-07 -1.313438E-01 -3.153159E-06  8.480752E-05 -2.709418E-08  0.000000E+00  0.000000E+00  0.000000E+00  0.000000E+00
23   3.16354039E-07 -1.439356E-01 -3.455437E-06  9.293784E-05 -3.253814E-08  0.000000E+00  0.000000E+00  0.000000E+00  0.000000E+00
24   3.46679972E-07 -1.577333E-01 -3.786660E-06  1.018467E-04 -3.907527E-08  0.000000E+00  0.000000E+00  0.000000E+00  0.000000E+00
25   3.79909496E-07 -1.728519E-01 -4.149595E-06  1.116086E-04 -4.692489E-08  0.000000E+00  0.000000E+00  0.000000E+00  0.000000E+00
26   4.16320108E-07 -1.894178E-01 -4.547272E-06  1.223050E-04 -5.635031E-08  0.000000E+00  0.000000E+00  0.000000E+00  0.000000E+00
27   4.56215749E-07 -2.075691E-01 -4.983011E-06  1.340252E-04 -6.766758E-08  0.000000E+00  0.000000E+00  0.000000E+00  0.000000E+00
28   4.99929318E-07 -2.274575E-01 -5.460447E-06  1.468670E-04 -8.125608E-08  0.000000E+00  0.000000E+00  0.000000E+00  0.000000E+00
29   5.47825411E-07 -2.492485E-01 -5.983561E-06  1.609375E-04 -9.757116E-08  0.000000E+00  0.000000E+00  0.000000E+00  0.000000E+00
30   6.00303332E-07 -2.731240E-01 -6.556714E-06  1.763539E-04 -1.171594E-07  0.000000E+00  0.000000E+00  0.000000E+00  0.000000E+00
31   6.57800375E-07 -2.992827E-01 -7.184682E-06  1.932449E-04 -1.406767E-07  0.000000E+00  0.000000E+00  0.000000E+00  0.000000E+00
32   7.20795422E-07 -3.279424E-01 -7.872692E-06  2.117510E-04 -1.689103E-07  0.000000E+00  0.000000E+00  0.000000E+00  0.000000E+00
33   7.89812877E-07 -3.593415E-01 -8.626470E-06  2.320263E-04 -2.028049E-07  0.000000E+00  0.000000E+00  0.000000E+00  0.000000E+00
34   8.65426964E-07 -3.937411E-01 -9.452287E-06  2.542395E-04 -2.434942E-07  0.000000E+00  0.000000E+00  0.000000E+00  0.000000E+00
35   9.48266440E-07 -4.314269E-01 -1.035701E-05  2.785752E-04 -2.923384E-07  0.000000E+00  0.000000E+00  0.000000E+00  0.000000E+00
36   1.03901973E-06 -4.727119E-01 -1.134815E-05  3.052358E-04 -3.509698E-07  0.000000E+00  0.000000E+00  0.000000E+00  0.000000E+00
37   1.13844057E-06 -5.179385E-01 -1.243393E-05  3.344426E-04 -4.213466E-07  0.000000E+00  0.000000E+00  0.000000E+00  0.000000E+00
38   1.24735414E-06 -5.674816E-01 -1.362338E-05  3.664380E-04 -5.058179E-07  0.000000E+00  0.000000E+00  0.000000E+00  0.000000E+00
39   1.36666378E-06 -6.217511E-01 -1.492634E-05  4.014874E-04 -6.072022E-07  0.000000E+00  0.000000E+00  0.000000E+00  0.000000E+00
40   1.49735839E-06 -6.811961E-01 -1.635361E-05  4.398813E-04 -7.288797E-07  0.000000E+00  0.000000E+00  0.000000E+00  0.000000E+00
41   1.64052040E-06 -7.463076E-01 -1.791701E-05  4.819376E-04 -8.749052E-07  0.000000E+00  0.000000E+00  0.000000E+00  0.000000E+00
42   1.79733459E-06 -8.176226E-01 -1.962946E-05  5.280044E-04 -1.050141E-06  0.000000E+00  0.000000E+00  0.000000E+00  0.000000E+00
43   1.96909768E-06 -8.957289E-01 -2.150512E-05  5.784624E-04 -1.260419E-06  0.000000E+00  0.000000E+00  0.000000E+00  0.000000E+00
44   2.15722876E-06 -9.812687E-01 -2.355946E-05  6.337286E-04 -1.512731E-06  0.000000E+00  0.000000E+00  0.000000E+00  0.000000E+00
45   2.36328080E-06 -1.074944E+00 -2.580944E-05  6.942590E-04 -1.815460E-06  0.000000E+00  0.000000E+00  0.000000E+00  0.000000E+00
46   2.58895313E-06 -1.177523E+00 -2.827359E-05  7.605527E-04 -2.178655E-06  0.000000E+00  0.000000E+00  0.000000E+00  0.000000E+00
47   2.83610504E-06 -1.289844E+00 -3.097219E-05  8.331557E-04 -2.614361E-06  0.000000E+00  0.000000E+00  0.000000E+00  0.000000E+00
48   3.10677076E-06 -1.412823E+00 -3.392742E-05  9.126654E-04 -3.137014E-06  0.000000E+00  0.000000E+00  0.000000E+00  0.000000E+00
49   3.40317565E-06 -1.547459E+00 -3.716354E-05  9.997352E-04 -3.763911E-06  0.000000E+00  0.000000E+00  0.000000E+00  0.000000E+00
50   3.72775399E-06 -1.694842E+00 -4.070708E-05  1.095080E-03 -4.515774E-06  0.000000E+00  0.000000E+00  0.000000E+00  0.000000E+00
51   4.08316835E-06 -1.856164E+00 -4.458707E-05  1.199481E-03 -5.417425E-06  0.000000E+00  0.000000E+00  0.000000E+00  0.000000E+00
52   4.47233068E-06 -2.032720E+00 -4.883522E-05  1.313793E-03 -6.498587E-06  0.000000E+00  0.000000E+00  0.000000E+00  0.000000E+00
53   4.89842538E-06 -2.225920E+00 -5.348623E-05  1.438951E-03 -7.794846E-06  0.000000E+00  0.000000E+00  0.000000E+00  0.000000E+00
54   5.36493440E-06 -2.437298E+00 -5.857797E-05  1.575977E-03 -9.348792E-06  0.000000E+00  0.000000E+00  0.000000E+00  0.000000E+00
55   5.87566467E-06 -2.668523E+00 -6.415189E-05  1.725987E-03 -1.121139E-05  0.000000E+00  0.000000E+00  0.000000E+00  0.000000E+00
56   6.43477786E-06 -2.921402E+00 -7.025324E-05  1.890201E-03 -1.344358E-05  0.000000E+00  0.000000E+00  0.000000E+00  0.000000E+00
57   7.04682300E-06 -3.197891E+00 -7.693146E-05  2.069954E-03 -1.611824E-05  0.000000E+00  0.000000E+00  0.000000E+00  0.000000E+00
58   7.71677183E-06 -3.500105E+00 -8.424055E-05  2.266702E-03 -1.932245E-05  0.000000E+00  0.000000E+00  0.000000E+00  0.000000E+00
59   8.45005737E-06 -3.830324E+00 -9.223948E-05  2.482037E-03 -2.316019E-05  0.000000E+00  0.000000E+00  0.000000E+00  0.000000E+00
60   9.25261595E-06 -4.190995E+00 -1.009926E-04  2.717696E-03 -2.775559E-05  0.000000E+00  0.000000E+00  0.000000E+00  0.000000E+00
61   1.01309329E-05 -4.584736E+00 -1.105701E-04  2.975576E-03 -3.325668E-05  0.000000E+00  0.000000E+00  0.000000E+00  0.000000E+00
62   1.10920922E-05 -5.014336E+00 -1.210487E-04  3.257749E-03 -3.983984E-05  0.000000E+00  0.000000E+00  0.000000E+00  0.000000E+00
63   1.21438305E-05 -5.482745E+00 -1.325119E-04  3.566473E-03 -4.771502E-05  0.000000E+00  0.000000E+00  0.000000E+00  0.000000E+00
64   1.32945961E-05 -5.993059E+00 -1.450508E-04  3.904212E-03 -5.713185E-05  0.000000E+00  0.000000E+00  0.000000E+00  0.000000E+00
65   1.45536127E-05 -6.548501E+00 -1.587645E-04  4.273652E-03 -6.838663E-05  0.000000E+00  0.000000E+00  0.000000E+00  0.000000E+00
66   1.59309486E-05 -7.152372E+00 -1.737613E-04  4.677721E-03 -8.183054E-05  0.000000E+00  0.000000E+00  0.000000E+00  0.000000E+00
67   1.74375923E-05 -7.807996E+00 -1.901586E-04  5.119607E-03 -9.787888E-05  0.000000E+00  0.000000E+00  0.000000E+00  0.000000E+00
68   1.90855341E-05 -8.518643E+00 -2.080844E-04  5.602782E-03 -1.170216E-04  0.000000E+00  0.000000E+00  0.000000E+00  0.000000E+00
69   2.08878548E-05 -9.287405E+00 -2.276777E-04  6.131023E-03 -1.398349E-04  0.000000E+00  0.000000E+00  0.000000E+00  0.000000E+00
70   2.28588221E-05 -1.011703E+01 -2.490895E-04  6.708434E-03 -1.669940E-04  0.000000E+00  0.000000E+00  0.000000E+00  0.000000E+00
71   2.50139945E-05 -1.100973E+01 -2.724834E-04  7.339477E-03 -1.992868E-04  0.000000E+00  0.000000E+00  0.000000E+00  0.000000E+00
72   2.73703345E-05 -1.196684E+01 -2.980371E-04  8.028993E-03 -2.376270E-04  0.000000E+00  0.000000E+00  0.000000E+00  0.000000E+00
73   2.99463309E-05 -1.298846E+01 -3.259425E-04  8.782236E-03 -2.830677E-04  0.000000E+00  0.000000E+00  0.000000E+00  0.000000E+00
74   3.27621309E-05 -1.407296E+01 -3.564073E-04  9.604893E-03 -3.368112E-04  0.000000E+00  0.000000E+00  0.000000E+00  0.000000E+00
75   3.58396831E-05 -1.521625E+01 -3.896558E-04  1.050313E-02 -4.002154E-04  0.000000E+00  0.000000E+00  0.000000E+00  0.000000E+00
76   3.92028928E-05 -1.641099E+01 -4.259295E-04  1.148360E-02 -4.747914E-04  0.000000E+00  0.000000E+00  0.000000E+00  0.000000E+00
77   4.28777882E-05 -1.764544E+01 -4.654888E-04  1.255351E-02 -5.621879E-04  0.000000E+00  0.000000E+00  0.000000E+00  0.000000E+00
78   4.68927012E-05 -1.890226E+01 -5.086135E-04  1.372065E-02 -6.641555E-04  0.000000E+00  0.000000E+00  0.000000E+00  0.000000E+00
79   5.12784620E-05 -2.015703E+01 -5.556044E-04  1.499341E-02 -7.824826E-04  0.000000E+00  0.000000E+00  0.000000E+00  0.000000E+00
80   5.60686082E-05 -2.137704E+01 -6.067852E-04  1.638092E-02 -9.188928E-04  0.000000E+00  0.000000E+00  0.000000E+00  0.000000E+00
81   6.12996110E-05 -2.252093E+01 -6.625033E-04  1.789302E-02 -1.074898E-03  0.000000E+00  0.000000E+00  0.000000E+00  0.000000E+00
82   6.70111183E-05 -2.354087E+01 -7.231307E-04  1.954038E-02 -1.251613E-03  0.000000E+00  0.000000E+00  0.000000E+00  0.000000E+00
83   7.32462153E-05 -2.438968E+01 -7.890581E-04  2.133444E-02 -1.449577E-03  0.000000E+00  0.000000E+00  0.000000E+00  0.000000E+00
84   8.00517062E-05 -2.503471E+01 -8.606958E-04  2.328748E-02 -1.668673E-03  0.000000E+00  0.000000E+00  0.000000E+00  0.000000E+00
85   8.74784145E-05 -2.547357E+01 -9.384985E-04  2.541308E-02 -1.908273E-03  0.000000E+00  0.000000E+00  0.000000E+00  0.000000E+00
86   9.55815070E-05 -2.573833E+01 -1.022990E-03  2.772660E-02 -2.167654E-03  0.000000E+00  0.000000E+00  0.000000E+00  0.000000E+00
87   1.04420839E-04 -2.588032E+01 -1.114740E-03  3.024470E-02 -2.446479E-03  0.000000E+00  0.000000E+00  0.000000E+00  0.000000E+00
88   1.14061327E-04 -2.594857E+01 -1.214331E-03  3.298491E-02 -2.745101E-03  0.000000E+00  0.000000E+00  0.000000E+00  0.000000E+00
89   1.24573341E-04 -2.597811E+01 -1.322379E-03  3.596592E-02 -3.064586E-03  0.000000E+00  0.000000E+00  0.000000E+00  0.000000E+00
90   1.36033132E-04 -2.598953E+01 -1.439548E-03  3.920797E-02 -3.406583E-03  0.000000E+00  0.000000E+00  0.000000E+00  0.000000E+00
91   1.48523279E-04 -2.599334E+01 -1.566557E-03  4.273300E-02 -3.773162E-03  0.000000E+00  0.000000E+00  0.000000E+00  0.000000E+00
92   1.62133173E-04 -2.599424E+01 -1.704179E-03  4.656473E-02 -4.166697E-03  0.000000E+00  0.000000E+00  0.000000E+00  0.000000E+00
93   1.76959527E-04 -2.599415E+01 -1.853237E-03  5.072870E-02 -4.589793E-03  0.000000E+00  0.000000E+00  0.000000E+00  0.000000E+00
94   1.93106921E-04 -2.599372E+01 -2.014604E-03  5.525238E-02 -5.045257E-03  0.000000E+00  0.000000E+00  0.000000E+00  0.000000E+00
95   2.10688377E-04 -2.599318E+01 -2.189208E-03  6.016528E-02 -5.536086E-03  0.000000E+00  0.000000E+00  0.000000E+00  0.000000E+00
96   2.29825970E-04 -2.599256E+01 -2.378030E-03  6.549909E-02 -6.065477E-03  0.000000E+00  0.000000E+00  0.000000E+00  0.000000E+00
97   2.50651477E-04 -2.599189E+01 -2.582102E-03  7.128780E-02 -6.636834E-03  0.000000E+00  0.000000E+00  0.000000E+00  0.000000E+00
98   2.73307059E-04 -2.599116E+01 -2.802515E-03  7.756783E-02 -7.253782E-03  0.000000E+00  0.000000E+00  0.000000E+00  0.000000E+00
99   2.97945983E-04 -2.599037E+01 -3.040410E-03  8.437819E-02 -7.920180E-03  0.000000E+00  0.000000E+00  0.000000E+00  0.000000E+00
100  3.24733378E-04 -2.598951E+01 -3.296981E-03  9.176058E-02 -8.640134E-03  0.000000E+00  0.000000E+00  0.000000E+00  0.000000E+00
101  3.53847035E-04 -2.598857E+01 -3.573473E-03  9.975956E-02 -9.418015E-03  0.000000E+00  0.000000E+00  0.000000E+00  0.000000E+00
102  3.85478243E-04 -2.598756E+01 -3.871175E-03  1.084226E-01 -1.025846E-02  0.000000E+00  0.000000E+00  0.000000E+00  0.000000E+00
103  4.19832665E-04 -2.598646E+01 -4.191419E-03  1.178004E-01 -1.116642E-02  0.000000E+00  0.000000E+00  0.000000E+00  0.000000E+00
104  4.57131254E-04 -2.598526E+01 -4.535572E-03  1.279468E-01 -1.214710E-02  0.000000E+00  0.000000E+00  0.000000E+00  0.000000E+00
105  4.97611207E-04 -2.598397E+01 -4.905026E-03  1.389190E-01 -1.320607E-02  0.000000E+00  0.000000E+00  0.000000E+00  0.000000E+00
106  5.41526958E-04 -2.598256E+01 -5.301190E-03  1.507775E-01 -1.434919E-02  0.000000E+00  0.000000E+00  0.000000E+00  0.000000E+00
107  5.89151211E-04 -2.598105E+01 -5.725479E-03  1.635866E-01 -1.558266E-02  0.000000E+00  0.000000E+00  0.000000E+00  0.000000E+00
108  6.40776006E-04 -2.597940E+01 -6.179296E-03  1.774140E-01 -1.691301E-02  0.000000E+00  0.000000E+00  0.000000E+00  0.000000E+00
109  6.96713823E-04 -2.597762E+01 -6.664012E-03  1.923313E-01 -1.834715E-02  0.000000E+00  0.000000E+00  0.000000E+00  0.000000E+00
110  7.57298715E-04 -2.597570E+01 -7.180953E-03  2.084135E-01 -1.989229E-02  0.000000E+00  0.000000E+00  0.000000E+00  0.000000E+00
111  8.22887481E-04 -2.597363E+01 -7.731365E-03  2.257396E-01 -2.155604E-02  0.000000E+00  0.000000E+00  0.000000E+00  0.000000E+00
112  8.93860857E-04 -2.597138E+01 -8.316392E-03  2.443921E-01 -2.334633E-02  0.000000E+00  0.000000E+00  0.000000E+00  0.000000E+00
113  9.70624738E-04 -2.596896E+01 -8.937039E-03  2.644574E-01 -2.527142E-02  0.000000E+00  0.000000E+00  0.000000E+00  0.000000E+00
114  1.05361142E-03 -2.596636E+01 -9.594136E-03  2.860250E-01 -2.733994E-02  0.000000E+00  0.000000E+00  0.000000E+00  0.000000E+00
115  1.14328086E-03 -2.596355E+01 -1.028829E-02  3.091880E-01 -2.956080E-02  0.000000E+00  0.000000E+00  0.000000E+00  0.000000E+00
116  1.24012195E-03 -2.596052E+01 -1.101986E-02  3.340428E-01 -3.194323E-02  0.000000E+00  0.000000E+00  0.000000E+00  0.000000E+00
117  1.34465380E-03 -2.595726E+01 -1.178885E-02  3.606885E-01 -3.449671E-02  0.000000E+00  0.000000E+00  0.000000E+00  0.000000E+00
118  1.45742702E-03 -2.595376E+01 -1.259492E-02  3.892266E-01 -3.723098E-02  0.000000E+00  0.000000E+00  0.000000E+00  0.000000E+00
119  1.57902501E-03 -2.595000E+01 -1.343726E-02  4.197609E-01 -4.015594E-02  0.000000E+00  0.000000E+00  0.000000E+00  0.000000E+00
120  1.71006522E-03 -2.594597E+01 -1.431454E-02  4.523967E-01 -4.328168E-02  0.000000E+00  0.000000E+00  0.000000E+00  0.000000E+00
121  1.85120041E-03 -2.594164E+01 -1.522486E-02  4.872405E-01 -4.661833E-02  0.000000E+00  0.000000E+00  0.000000E+00  0.000000E+00
122  2.00311993E-03 -2.593701E+01 -1.616563E-02  5.243988E-01 -5.017607E-02  0.000000E+00  0.000000E+00  0.000000E+00  0.000000E+00
123  2.16655083E-03 -2.593205E+01 -1.713350E-02  5.639776E-01 -5.396501E-02  0.000000E+00  0.000000E+00  0.000000E+00  0.000000E+00
124  2.34225916E-03 -2.592674E+01 -1.812428E-02  6.060818E-01 -5.799511E-02  0.000000E+00  0.000000E+00  0.000000E+00  0.000000E+00
125  2.53105097E-03 -2.592108E+01 -1.913284E-02  6.508133E-01 -6.227608E-02  0.000000E+00  0.000000E+00  0.000000E+00  0.000000E+00
126  2.73377349E-03 -2.591503E+01 -2.015300E-02  6.982708E-01 -6.681726E-02  0.000000E+00  0.000000E+00  0.000000E+00  0.000000E+00
127  2.95131607E-03 -2.590859E+01 -2.117750E-02  7.485478E-01 -7.162751E-02  0.000000E+00  0.000000E+00  0.000000E+00  0.000000E+00
128  3.18461120E-03 -2.590173E+01 -2.219785E-02  8.017314E-01 -7.671505E-02  0.000000E+00  0.000000E+00  0.000000E+00  0.000000E+00
129  3.43463532E-03 -2.589443E+01 -2.320429E-02  8.579008E-01 -8.208733E-02  0.000000E+00  0.000000E+00  0.000000E+00  0.000000E+00
130  3.70240966E-03 -2.588669E+01 -2.418573E-02  9.171254E-01 -8.775084E-02  0.000000E+00  0.000000E+00  0.000000E+00  0.000000E+00
131  3.98900094E-03 -2.587847E+01 -2.512968E-02  9.794635E-01 -9.371095E-02  0.000000E+00  0.000000E+00  0.000000E+00  0.000000E+00
132  4.29552197E-03 -2.586977E+01 -2.602225E-02  1.044959E+00 -9.997173E-02  0.000000E+00  0.000000E+00  0.000000E+00  0.000000E+00
133  4.62313218E-03 -2.586056E+01 -2.684812E-02  1.113642E+00 -1.065357E-01  0.000000E+00  0.000000E+00  0.000000E+00  0.000000E+00
134  4.97303798E-03 -2.585084E+01 -2.759060E-02  1.185524E+00 -1.134038E-01  0.000000E+00  0.000000E+00  0.000000E+00  0.000000E+00
135  5.34649313E-03 -2.584058E+01 -2.823166E-02  1.260596E+00 -1.205748E-01  0.000000E+00  0.000000E+00  0.000000E+00  0.000000E+00
136  5.74479884E-03 -2.582977E+01 -2.875209E-02  1.338827E+00 -1.280455E-01  0.000000E+00  0.000000E+00  0.000000E+00  0.000000E+00
137  6.16930386E-03 -2.581841E+01 -2.913165E-02  1.420163E+00 -1.358103E-01  0.000000E+00  0.000000E+00  0.000000E+00  0.000000E+00
138  6.62140443E-03 -2.580648E+01 -2.934927E-02  1.504522E+00 -1.438610E-01  0.000000E+00  0.000000E+00  0.000000E+00  0.000000E+00
139  7.10254405E-03 -2.579397E+01 -2.938338E-02  1.591794E+00 -1.521865E-01  0.000000E+00  0.000000E+00  0.000000E+00  0.000000E+00
140  7.61421318E-03 -2.578089E+01 -2.921221E-02  1.681835E+00 -1.607728E-01  0.000000E+00  0.000000E+00  0.000000E+00  0.000000E+00
141  8.15794878E-03 -2.576722E+01 -2.881427E-02  1.774472E+00 -1.696026E-01  0.000000E+00  0.000000E+00  0.000000E+00  0.000000E+00
142  8.73533378E-03 -2.575296E+01 -2.816885E-02  1.869494E+00 -1.786552E-01  0.000000E+00  0.000000E+00  0.000000E+00  0.000000E+00
143  9.34799633E-03 -2.573813E+01 -2.725655E-02  1.966655E+00 -1.879065E-01  0.000000E+00  0.000000E+00  0.000000E+00  0.000000E+00
144  9.99760899E-03 -2.572271E+01 -2.605998E-02  2.065668E+00 -1.973287E-01  0.000000E+00  0.000000E+00  0.000000E+00  0.000000E+00
145  1.06858878E-02 -2.570674E+01 -2.456445E-02  2.166211E+00 -2.068901E-01  0.000000E+00  0.000000E+00  0.000000E+00  0.000000E+00
146  1.14145912E-02 -2.569020E+01 -2.275876E-02  2.267921E+00 -2.165553E-01  0.000000E+00  0.000000E+00  0.000000E+00  0.000000E+00
147  1.21855190E-02 -2.567314E+01 -2.063595E-02  2.370393E+00 -2.262853E-01  0.000000E+00  0.000000E+00  0.000000E+00  0.000000E+00
148  1.30005108E-02 -2.565555E+01 -1.819416E-02  2.473186E+00 -2.360371E-01  0.000000E+00  0.000000E+00  0.000000E+00  0.000000E+00
149  1.38614448E-02 -2.563747E+01 -1.543740E-02  2.575820E+00 -2.457644E-01  0.000000E+00  0.000000E+00  0.000000E+00  0.000000E+00
150  1.47702366E-02 -2.561893E+01 -1.237624E-02  2.677777E+00 -2.554172E-01  0.000000E+00  0.000000E+00  0.000000E+00  0.000000E+00
151  1.57288369E-02 -2.559995E+01 -9.028589E-03  2.778508E+00 -2.649424E-01  0.000000E+00  0.000000E+00  0.000000E+00  0.000000E+00
152  1.67392308E-02 -2.558058E+01 -5.419944E-03  2.877431E+00 -2.742842E-01  0.000000E+00  0.000000E+00  0.000000E+00  0.000000E+00
153  1.78034354E-02 -2.556086E+01 -1.583862E-03  2.973937E+00 -2.833843E-01  0.000000E+00  0.000000E+00  0.000000E+00  0.000000E+00
154  1.89234981E-02 -2.554082E+01  2.438159E-03  3.067394E+00 -2.921822E-01  0.000000E+00  0.000000E+00  0.000000E+00  0.000000E+00
155  2.01014952E-02 -2.552052E+01  6.596996E-03  3.157156E+00 -3.006163E-01  0.000000E+00  0.000000E+00  0.000000E+00  0.000000E+00
156  2.13395296E-02 -2.550000E+01  1.083662E-02  3.242561E+00 -3.086237E-01  0.000000E+00  0.000000E+00  0.000000E+00  0.000000E+00
157  2.26397290E-02 -2.547932E+01  1.509522E-02  3.322945E+00 -3.161417E-01  0.000000E+00  0.000000E+00  0.000000E+00  0.000000E+00
158  2.40042442E-02 -2.545854E+01  1.930680E-02  3.397648E+00 -3.231078E-01  0.000000E+00  0.000000E+00  0.000000E+00  0.000000E+00
159  2.54352468E-02 -2.543772E+01  2.340313E-02  3.466019E+00 -3.294610E-01  0.000000E+00  0.000000E+00  0.000000E+00  0.000000E+00
160  2.69349274E-02 -2.541691E+01  2.731601E-02  3.527425E+00 -3.351420E-01  0.000000E+00  0.000000E+00  0.000000E+00  0.000000E+00
161  2.85054935E-02 -2.539617E+01  3.098014E-02  3.581262E+00 -3.400947E-01  0.000000E+00  0.000000E+00  0.000000E+00  0.000000E+00
162  3.01491677E-02 -2.537557E+01  3.433527E-02  3.626961E+00 -3.442664E-01  0.000000E+00  0.000000E+00  0.000000E+00  0.000000E+00
163  3.18681858E-02 -2.535518E+01  3.732931E-02  3.663999E+00 -3.476091E-01  0.000000E+00  0.000000E+00  0.000000E+00  0.000000E+00
164  3.36647945E-02 -2.533504E+01  3.992023E-02  3.691905E+00 -3.500797E-01  0.000000E+00  0.000000E+00  0.000000E+00  0.000000E+00
165  3.55412498E-02 -2.531523E+01  4.207788E-02  3.710270E+00 -3.516415E-01  0.000000E+00  0.000000E+00  0.000000E+00  0.000000E+00
166  3.74998150E-02 -2.529580E+01  4.378505E-02  3.718754E+00 -3.522641E-01  0.000000E+00  0.000000E+00  0.000000E+00  0.000000E+00
167  3.95427588E-02 -2.527681E+01  4.503764E-02  3.717095E+00 -3.519354E-01  0.000000E+00  0.000000E+00  0.000000E+00  0.000000E+00
168  4.16723536E-02 -2.525831E+01  4.584408E-02  3.705111E+00 -3.506306E-01  0.000000E+00  0.000000E+00  0.000000E+00  0.000000E+00
169  4.38908737E-02 -2.524035E+01  4.622391E-02  3.682711E+00 -3.483429E-01  0.000000E+00  0.000000E+00  0.000000E+00  0.000000E+00
170  4.62005934E-02 -2.522298E+01  4.620578E-02  3.649894E+00 -3.450743E-01  0.000000E+00  0.000000E+00  0.000000E+00  0.000000E+00
171  4.86037857E-02 -2.520623E+01  4.582502E-02  3.606753E+00 -3.408354E-01  0.000000E+00  0.000000E+00  0.000000E+00  0.000000E+00
172  5.11027203E-02 -2.519016E+01  4.512120E-02  3.553480E+00 -3.356460E-01  0.000000E+00  0.000000E+00  0.000000E+00  0.000000E+00
173  5.36996624E-02 -2.517477E+01  4.413569E-02  3.490360E+00 -3.295345E-01  0.000000E+00  0.000000E+00  0.000000E+00  0.000000E+00
174  5.63968709E-02 -2.516011E+01  4.290963E-02  3.417774E+00 -3.225383E-01  0.000000E+00  0.000000E+00  0.000000E+00  0.000000E+00
175  5.91965972E-02 -2.514619E+01  4.148234E-02  3.336191E+00 -3.147030E-01  0.000000E+00  0.000000E+00  0.000000E+00  0.000000E+00
176  6.21010837E-02 -2.513303E+01  3.989026E-02  3.246170E+00 -3.060821E-01  0.000000E+00  0.000000E+00  0.000000E+00  0.000000E+00
177  6.51125627E-02 -2.512064E+01  3.816645E-02  3.148346E+00 -2.967365E-01  0.000000E+00  0.000000E+00  0.000000E+00  0.000000E+00
178  6.82332549E-02 -2.510901E+01  3.634031E-02  3.043426E+00 -2.867334E-01  0.000000E+00  0.000000E+00  0.000000E+00  0.000000E+00
179  7.14653685E-02 -2.509814E+01  3.443794E-02  2.932180E+00 -2.761460E-01  0.000000E+00  0.000000E+00  0.000000E+00  0.000000E+00
180  7.48110980E-02 -2.508804E+01  3.248246E-02  2.815431E+00 -2.650520E-01  0.000000E+00  0.000000E+00  0.000000E+00  0.000000E+00
181  7.82726231E-02 -2.507867E+01  3.049443E-02  2.694041E+00 -2.535327E-01  0.000000E+00  0.000000E+00  0.000000E+00  0.000000E+00
182  8.18521078E-02 -2.507004E+01  2.849243E-02  2.568902E+00 -2.416722E-01  0.000000E+00  0.000000E+00  0.000000E+00  0.000000E+00
183  8.55516995E-02 -2.506211E+01  2.649342E-02  2.440924E+00 -2.295558E-01  0.000000E+00  0.000000E+00  0.000000E+00  0.000000E+00
184  8.93735282E-02 -2.505486E+01  2.451300E-02  2.311019E+00 -2.172692E-01  0.000000E+00  0.000000E+00  0.000000E+00  0.000000E+00
185  9.33197058E-02 -2.504826E+01  2.256571E-02  2.180092E+00 -2.048970E-01  0.000000E+00  0.000000E+00  0.000000E+00  0.000000E+00
186  9.73923252E-02 -2.504228E+01  2.066496E-02  2.049028E+00 -1.925222E-01  0.000000E+00  0.000000E+00  0.000000E+00  0.000000E+00
187  1.01593460E-01 -2.503689E+01  1.882306E-02  1.918682E+00 -1.802242E-01  0.000000E+00  0.000000E+00  0.000000E+00  0.000000E+00
188  1.05925162E-01 -2.503204E+01  1.705120E-02  1.789863E+00 -1.680787E-01  0.000000E+00  0.000000E+00  0.000000E+00  0.000000E+00
189  1.10389466E-01 -2.502772E+01  1.535920E-02  1.663332E+00 -1.561564E-01  0.000000E+00  0.000000E+00  0.000000E+00  0.000000E+00
190  1.14988382E-01 -2.502387E+01  1.375544E-02  1.539788E+00 -1.445224E-01  0.000000E+00  0.000000E+00  0.000000E+00  0.000000E+00
191  1.19723899E-01 -2.502047E+01  1.224671E-02  1.419863E+00 -1.332352E-01  0.000000E+00  0.000000E+00  0.000000E+00  0.000000E+00
192  1.24597986E-01 -2.501747E+01  1.083816E-02  1.304117E+00 -1.223467E-01  0.000000E+00  0.000000E+00  0.000000E+00  0.000000E+00
193  1.29612587E-01 -2.501485E+01  9.533194E-03  1.193033E+00 -1.119015E-01  0.000000E+00  0.000000E+00  0.000000E+00  0.000000E+00
194  1.34769626E-01 -2.501256E+01  8.333539E-03  1.087015E+00 -1.019369E-01  0.000000E+00  0.000000E+00  0.000000E+00  0.000000E+00
195  1.40071002E-01 -2.501057E+01  7.239259E-03  9.863879E-01 -9.248262E-02  0.000000E+00  0.000000E+00  0.000000E+00  0.000000E+00
196  1.45518591E-01 -2.500886E+01  6.248886E-03  8.913957E-01 -8.356102E-02  0.000000E+00  0.000000E+00  0.000000E+00  0.000000E+00
197  1.51114248E-01 -2.500738E+01  5.359563E-03  8.022066E-01 -7.518725E-02  0.000000E+00  0.000000E+00  0.000000E+00  0.000000E+00
198  1.56859802E-01 -2.500613E+01  4.567233E-03  7.189144E-01 -6.736956E-02  0.000000E+00  0.000000E+00  0.000000E+00  0.000000E+00
199  1.62757060E-01 -2.500506E+01  3.866840E-03  6.415433E-01 -6.010972E-02  0.000000E+00  0.000000E+00  0.000000E+00  0.000000E+00
200  1.68807804E-01 -2.500416E+01  3.252555E-03  5.700533E-01 -5.340350E-02  0.000000E+00  0.000000E+00  0.000000E+00  0.000000E+00
201  1.75013794E-01 -2.500340E+01  2.717988E-03  5.043462E-01 -4.724129E-02  0.000000E+00  0.000000E+00  0.000000E+00  0.000000E+00
202  1.81376765E-01 -2.500276E+01  2.256404E-03  4.442721E-01 -4.160867E-02  0.000000E+00  0.000000E+00  0.000000E+00  0.000000E+00
203  1.87898430E-01 -2.500224E+01  1.860917E-03  3.896367E-01 -3.648710E-02  0.000000E+00  0.000000E+00  0.000000E+00  0.000000E+00
204  1.94580476E-01 -2.500180E+01  1.524667E-03  3.402085E-01 -3.185459E-02  0.000000E+00  0.000000E+00  0.000000E+00  0.000000E+00
205  2.01424569E-01 -2.500144E+01  1.240965E-03  2.957254E-01 -2.768634E-02  0.000000E+00  0.000000E+00  0.000000E+00  0.000000E+00
206  2.08432351E-01 -2.500115E+01  1.003415E-03  2.559027E-01 -2.395543E-02  0.000000E+00  0.000000E+00  0.000000E+00  0.000000E+00
207  2.15605439E-01 -2.500091E+01  8.060096E-04  2.204388E-01 -2.063344E-02  0.000000E+00  0.000000E+00  0.000000E+00  0.000000E+00
208  2.22945429E-01 -2.500072E+01  6.431915E-04  1.890222E-01 -1.769104E-02  0.000000E+00  0.000000E+00  0.000000E+00  0.000000E+00
209  2.30453892E-01 -2.500056E+01  5.098990E-04  1.613372E-01 -1.509849E-02  0.000000E+00  0.000000E+00  0.000000E+00  0.000000E+00
210  2.38132379E-01 -2.500044E+01  4.015828E-04  1.370685E-01 -1.282619E-02  0.000000E+00  0.000000E+00  0.000000E+00  0.000000E+00
211  2.45982414E-01 -2.500034E+01  3.142075E-04  1.159066E-01 -1.084502E-02  0.000000E+00  0.000000E+00  0.000000E+00  0.000000E+00
212  2.54005503E-01 -2.500026E+01  2.442369E-04  9.755092E-02 -9.126779E-03  0.000000E+00  0.000000E+00  0.000000E+00  0.000000E+00
213  2.62203127E-01 -2.500020E+01  1.886084E-04  8.171336E-02 -7.644425E-03  0.000000E+00  0.000000E+00  0.000000E+00  0.000000E+00
214  2.70576746E-01 -2.500015E+01  1.446994E-04  6.812073E-02 -6.372327E-03  0.000000E+00  0.000000E+00  0.000000E+00  0.000000E+00
215  2.79127797E-01 -2.500012E+01  1.102875E-04  5.651663E-02 -5.286441E-03  0.000000E+00  0.000000E+00  0.000000E+00  0.000000E+00
216  2.87857697E-01 -2.500009E+01  8.350940E-05  4.666275E-02 -4.364427E-03  0.000000E+00  0.000000E+00  0.000000E+00  0.000000E+00
217  2.96767840E-01 -2.500007E+01  6.281816E-05  3.833966E-02 -3.585717E-03  0.000000E+00  0.000000E+00  0.000000E+00  0.000000E+00
218  3.05859599E-01 -2.500005E+01  4.694195E-05  3.134706E-02 -2.931545E-03  0.000000E+00  0.000000E+00  0.000000E+00  0.000000E+00
219  3.15134328E-01 -2.500004E+01  3.484499E-05  2.550370E-02 -2.384932E-03  0.000000E+00  0.000000E+00  0.000000E+00  0.000000E+00
220  3.24593359E-01 -2.500003E+01  2.569143E-05  2.064688E-02 -1.930639E-03  0.000000E+00  0.000000E+00  0.000000E+00  0.000000E+00
221  3.34238003E-01 -2.500002E+01  1.881282E-05  1.663175E-02 -1.555105E-03  0.000000E+00  0.000000E+00  0.000000E+00  0.000000E+00
222  3.44069551E-01 -2.500001E+01  1.367926E-05  1.333035E-02 -1.246347E-03  0.000000E+00  0.000000E+00  0.000000E+00  0.000000E+00
223  3.54089276E-01 -2.500001E+01  9.874239E-06  1.063048E-02 -9.938639E-04  0.000000E+00  0.000000E+00  0.000000E+00  0.000000E+00
224  3.64298429E-01 -2.500001E+01  7.073187E-06  8.434515E-03 -7.885176E-04  0.000000E+00  0.000000E+00  0.000000E+00  0.000000E+00
225  3.74698244E-01 -2.500001E+01  5.025236E-06  6.658115E-03 -6.224157E-04  0.000000E+00  0.000000E+00  0.000000E+00  0.000000E+00
226  3.85289935E-01 -2.500000E+01  3.538077E-06  5.228954E-03 -4.887903E-04  0.000000E+00  0.000000E+00  0.000000E+00  0.000000E+00
227  3.96074695E-01 -2.500000E+01  2.465475E-06  4.085444E-03 -3.818793E-04  0.000000E+00  0.000000E+00  0.000000E+00  0.000000E+00
228  4.07053703E-01 -2.500000E+01  1.697114E-06  3.175509E-03 -2.968109E-04  0.000000E+00  0.000000E+00  0.000000E+00  0.000000E+00
229  4.18228116E-01 -2.500000E+01  1.150426E-06  2.455421E-03 -2.294946E-04  0.000000E+00  0.000000E+00  0.000000E+00  0.000000E+00
230  4.29599076E-01 -2.500000E+01  7.640950E-07  1.888714E-03 -1.765197E-04  0.000000E+00  0.000000E+00  0.000000E+00  0.000000E+00
231  4.41167705E-01 -2.500000E+01  4.929344E-07  1.445184E-03 -1.350613E-04  0.000000E+00  0.000000E+00  0.000000E+00  0.000000E+00
232  4.52935108E-01 -2.500000E+01  3.039020E-07  1.099984E-03 -1.027957E-04  0.000000E+00  0.000000E+00  0.000000E+00  0.000000E+00
233  4.64902375E-01 -2.500000E+01  1.730183E-07  8.328083E-04 -7.782433E-05  0.000000E+00  0.000000E+00  0.000000E+00  0.000000E+00
234  4.77070576E-01 -2.500000E+01  8.301251E-08  6.271759E-04 -5.860590E-05  0.000000E+00  0.000000E+00  0.000000E+00  0.000000E+00
235  4.89440768E-01 -2.500000E+01  2.153946E-08  4.697956E-04 -4.389781E-05  0.000000E+00  0.000000E+00  0.000000E+00  0.000000E+00
236  5.02013989E-01 -2.500000E+01 -2.015929E-08  3.500209E-04 -3.270467E-05  0.000000E+00  0.000000E+00  0.000000E+00  0.000000E+00
237  5.14791262E-01 -2.500000E+01 -4.825102E-08  2.593787E-04 -2.423440E-05  0.000000E+00  0.000000E+00  0.000000E+00  0.000000E+00
238  5.27773595E-01 -2.500000E+01 -6.704606E-08  1.911704E-04 -1.786079E-05  0.000000E+00  0.000000E+00  0.000000E+00  0.000000E+00
239  5.40961978E-01 -2.500000E+01 -7.953455E-08  1.401339E-04 -1.309198E-05  0.000000E+00  0.000000E+00  0.000000E+00  0.000000E+00
240  5.54357390E-01 -2.500000E+01 -8.777535E-08  1.021627E-04 -9.544140E-06  0.000000E+00  0.000000E+00  0.000000E+00  0.000000E+00
241  5.67960790E-01 -2.500000E+01 -9.317560E-08  7.407293E-05 -6.919678E-06  0.000000E+00  0.000000E+00  0.000000E+00  0.000000E+00
242  5.81773127E-01 -2.500000E+01 -9.668984E-08  5.341153E-05 -4.989342E-06  0.000000E+00  0.000000E+00  0.000000E+00  0.000000E+00
243  5.95795333E-01 -2.500000E+01 -9.896084E-08  3.830099E-05 -3.577669E-06  0.000000E+00  0.000000E+00  0.000000E+00  0.000000E+00
244  6.10028327E-01 -2.500000E+01 -1.004182E-07  2.731339E-05 -2.551217E-06  0.000000E+00  0.000000E+00  0.000000E+00  0.000000E+00
245  6.24473011E-01 -2.500000E+01 -1.013468E-07  1.936971E-05 -1.809157E-06  0.000000E+00  0.000000E+00  0.000000E+00  0.000000E+00
246  6.39130279E-01 -2.500000E+01 -1.019344E-07  1.365979E-05 -1.275788E-06  0.000000E+00  0.000000E+00  0.000000E+00  0.000000E+00
247  6.54001005E-01 -2.500000E+01 -1.023035E-07  9.579213E-06 -8.946332E-07  0.000000E+00  0.000000E+00  0.000000E+00  0.000000E+00
248  6.69086056E-01 -2.500000E+01 -1.025338E-07  6.679933E-06 -6.238322E-07  0.000000E+00  0.000000E+00  0.000000E+00  0.000000E+00
249  6.84386281E-01 -2.500000E+01 -1.026765E-07  4.631937E-06 -4.325521E-07  0.000000E+00  0.000000E+00  0.000000E+00  0.000000E+00
250  6.99902519E-01 -2.500000E+01 -1.027642E-07  3.193695E-06 -2.982283E-07  0.000000E+00  0.000000E+00  0.000000E+00  0.000000E+00
251  7.15635596E-01 -2.500000E+01 -1.028178E-07  2.189557E-06 -2.044519E-07  0.000000E+00  0.000000E+00  0.000000E+00  0.000000E+00
252  7.31586325E-01 -2.500000E+01 -1.028502E-07  1.492600E-06 -1.393661E-07  0.000000E+00  0.000000E+00  0.000000E+00  0.000000E+00
253  7.47755508E-01 -2.500000E+01 -1.028698E-07  1.011690E-06 -9.445806E-08  0.000000E+00  0.000000E+00  0.000000E+00  0.000000E+00
254  7.64143933E-01 -2.500000E+01 -1.028815E-07  6.818046E-07 -6.365452E-08  0.000000E+00  0.000000E+00  0.000000E+00  0.000000E+00
255  7.80752380E-01 -2.500000E+01 -1.028884E-07  4.568503E-07 -4.265012E-08  0.000000E+00  0.000000E+00  0.000000E+00  0.000000E+00
256  7.97581613E-01 -2.500000E+01 -1.028925E-07  3.043559E-07 -2.841218E-08  0.000000E+00  0.000000E+00  0.000000E+00  0.000000E+00
257  8.14632389E-01 -2.500000E+01 -1.028948E-07  2.015934E-07 -1.881805E-08  0.000000E+00  0.000000E+00  0.000000E+00  0.000000E+00
258  8.31905451E-01 -2.500000E+01 -1.028962E-07  1.327547E-07 -1.239148E-08  0.000000E+00  0.000000E+00  0.000000E+00  0.000000E+00
259  8.49401533E-01 -2.500000E+01 -1.028970E-07  8.691526E-08 -8.112287E-09  0.000000E+00  0.000000E+00  0.000000E+00  0.000000E+00
260  8.67121356E-01 -2.500000E+01 -1.028975E-07  5.657273E-08 -5.279924E-09  0.000000E+00  0.000000E+00  0.000000E+00  0.000000E+00
261  8.85065633E-01 -2.500000E+01 -1.028977E-07  3.660804E-08 -3.416405E-09  0.000000E+00  0.000000E+00  0.000000E+00  0.000000E+00
262  9.03235067E-01 -2.500000E+01 -1.028979E-07  2.355034E-08 -2.197665E-09  0.000000E+00  0.000000E+00  0.000000E+00  0.000000E+00
263  9.21630347E-01 -2.500000E+01 -1.028980E-07  1.506130E-08 -1.405392E-09  0.000000E+00  0.000000E+00  0.000000E+00  0.000000E+00
264  9.40252157E-01 -2.500000E+01 -1.028980E-07  9.575598E-09 -8.934496E-10  0.000000E+00  0.000000E+00  0.000000E+00  0.000000E+00
265  9.59101168E-01 -2.500000E+01 -1.028980E-07  6.052024E-09 -5.646419E-10  0.000000E+00  0.000000E+00  0.000000E+00  0.000000E+00
266  9.78178042E-01 -2.500000E+01 -1.028981E-07  3.802421E-09 -3.547317E-10  0.000000E+00  0.000000E+00  0.000000E+00  0.000000E+00
267  9.97483432E-01 -2.500000E+01 -1.028981E-07  2.374862E-09 -2.215359E-10  0.000000E+00  0.000000E+00  0.000000E+00  0.000000E+00
268  1.01701798E+00 -2.500000E+01 -1.028981E-07  1.474445E-09 -1.375306E-10  0.000000E+00  0.000000E+00  0.000000E+00  0.000000E+00
269  1.03678233E+00 -2.500000E+01 -1.028981E-07  9.099654E-10 -8.487095E-11  0.000000E+00  0.000000E+00  0.000000E+00  0.000000E+00
270  1.05677710E+00 -2.500000E+01 -1.028981E-07  5.582400E-10 -5.206159E-11  0.000000E+00  0.000000E+00  0.000000E+00  0.000000E+00
271  1.07700290E+00 -2.500000E+01 -1.028981E-07  3.404166E-10 -3.174447E-11  0.000000E+00  0.000000E+00  0.000000E+00  0.000000E+00
272  1.09746035E+00 -2.500000E+01 -1.028981E-07  2.063423E-10 -1.933930E-11  0.000000E+00  0.000000E+00  0.000000E+00  0.000000E+00
273  1.11815005E+00 -2.500000E+01 -1.028981E-07  1.243219E-10 -1.135994E-11  0.000000E+00  0.000000E+00  0.000000E+00  0.000000E+00
