#      n =  2
#  kappa =  1
# energy = -2.15320057E+03
#     dn =  2.22842260E-03
#SelfEne =  2.72113860E+32
#     vc = -4.36503210E+03
#  ilast =  323
#    rfn =  2.42702573E+00
#    pdx =  1.99462557E+00
#   bqp0 =  2.17033352E+04
#   bqp1 =  0.00000000E+00
#    idx = 1
# LEPTON = 0
#   MASS =  1.00000000E+00
# CHARGE =  1.00000000E+00
#  EUNIT =  2.72113860E+01
#  RUNIT =  4.13413733E+16
#  LUNIT =  5.29177211E-01
#    AMU =  1.82288849E+03
#    FSC =  7.29735257E-03


0    3.84615385E-08 -1.749943E-02 -4.202146E-07  1.465753E-11  3.174798E-07  0.000000E+00  0.000000E+00  0.000000E+00  0.000000E+00
1    4.21538616E-08 -1.917938E-02 -4.605438E-07  1.759820E-11  3.479573E-07  0.000000E+00  0.000000E+00  0.000000E+00  0.000000E+00
2    4.62005013E-08 -2.102054E-02 -5.047431E-07  2.113121E-11  3.813604E-07  0.000000E+00  0.000000E+00  0.000000E+00  0.000000E+00
3    5.06354359E-08 -2.303837E-02 -5.531834E-07  2.537561E-11  4.179683E-07  0.000000E+00  0.000000E+00  0.000000E+00  0.000000E+00
4    5.54958993E-08 -2.524981E-02 -6.062715E-07  3.047441E-11  4.580888E-07  0.000000E+00  0.000000E+00  0.000000E+00  0.000000E+00
5    6.08226920E-08 -2.767342E-02 -6.644531E-07  3.659935E-11  5.020585E-07  0.000000E+00  0.000000E+00  0.000000E+00  0.000000E+00
6    6.66605223E-08 -3.032954E-02 -7.282163E-07  4.395673E-11  5.502466E-07  0.000000E+00  0.000000E+00  0.000000E+00  0.000000E+00
7    7.30583799E-08 -3.324047E-02 -7.980964E-07  5.279427E-11  6.030574E-07  0.000000E+00  0.000000E+00  0.000000E+00  0.000000E+00
8    8.00699453E-08 -3.643062E-02 -8.746796E-07  6.340952E-11  6.609341E-07  0.000000E+00  0.000000E+00  0.000000E+00  0.000000E+00
9    8.77540382E-08 -3.992677E-02 -9.586083E-07  7.615981E-11  7.243621E-07  0.000000E+00  0.000000E+00  0.000000E+00  0.000000E+00
10   9.61751081E-08 -4.375822E-02 -1.050587E-06  9.147426E-11  7.938736E-07  0.000000E+00  0.000000E+00  0.000000E+00  0.000000E+00
11   1.05403773E-07 -4.795713E-02 -1.151386E-06  1.098682E-10  8.700512E-07  0.000000E+00  0.000000E+00  0.000000E+00  0.000000E+00
12   1.15517407E-07 -5.255867E-02 -1.261851E-06  1.319606E-10  9.535335E-07  0.000000E+00  0.000000E+00  0.000000E+00  0.000000E+00
13   1.26600788E-07 -5.760144E-02 -1.382907E-06  1.584945E-10  1.045021E-06  0.000000E+00  0.000000E+00  0.000000E+00  0.000000E+00
14   1.38746801E-07 -6.312768E-02 -1.515570E-06  1.903624E-10  1.145279E-06  0.000000E+00  0.000000E+00  0.000000E+00  0.000000E+00
15   1.52057213E-07 -6.918369E-02 -1.660951E-06  2.286361E-10  1.255149E-06  0.000000E+00  0.000000E+00  0.000000E+00  0.000000E+00
16   1.66643523E-07 -7.582021E-02 -1.820267E-06  2.746022E-10  1.375552E-06  0.000000E+00  0.000000E+00  0.000000E+00  0.000000E+00
17   1.82627885E-07 -8.309284E-02 -1.994853E-06  3.298060E-10  1.507494E-06  0.000000E+00  0.000000E+00  0.000000E+00  0.000000E+00
18   2.00144127E-07 -9.106243E-02 -2.186170E-06  3.961029E-10  1.652080E-06  0.000000E+00  0.000000E+00  0.000000E+00  0.000000E+00
19   2.19338863E-07 -9.979568E-02 -2.395820E-06  4.757204E-10  1.810522E-06  0.000000E+00  0.000000E+00  0.000000E+00  0.000000E+00
20   2.40372711E-07 -1.093657E-01 -2.625556E-06  5.713334E-10  1.984145E-06  0.000000E+00  0.000000E+00  0.000000E+00  0.000000E+00
21   2.63421624E-07 -1.198525E-01 -2.877301E-06  6.861532E-10  2.174402E-06  0.000000E+00  0.000000E+00  0.000000E+00  0.000000E+00
22   2.88678352E-07 -1.313438E-01 -3.153159E-06  8.240353E-10  2.382881E-06  0.000000E+00  0.000000E+00  0.000000E+00  0.000000E+00
23   3.16354039E-07 -1.439356E-01 -3.455437E-06  9.896084E-10  2.611329E-06  0.000000E+00  0.000000E+00  0.000000E+00  0.000000E+00
24   3.46679972E-07 -1.577333E-01 -3.786660E-06  1.188430E-09  2.861653E-06  0.000000E+00  0.000000E+00  0.000000E+00  0.000000E+00
25   3.79909496E-07 -1.728519E-01 -4.149595E-06  1.427170E-09  3.135944E-06  0.000000E+00  0.000000E+00  0.000000E+00  0.000000E+00
26   4.16320108E-07 -1.894178E-01 -4.547272E-06  1.713837E-09  3.436493E-06  0.000000E+00  0.000000E+00  0.000000E+00  0.000000E+00
27   4.56215749E-07 -2.075691E-01 -4.983011E-06  2.058044E-09  3.765809E-06  0.000000E+00  0.000000E+00  0.000000E+00  0.000000E+00
28   4.99929318E-07 -2.274575E-01 -5.460447E-06  2.471329E-09  4.126640E-06  0.000000E+00  0.000000E+00  0.000000E+00  0.000000E+00
29   5.47825411E-07 -2.492485E-01 -5.983561E-06  2.967543E-09  4.521995E-06  0.000000E+00  0.000000E+00  0.000000E+00  0.000000E+00
30   6.00303332E-07 -2.731240E-01 -6.556714E-06  3.563307E-09  4.955171E-06  0.000000E+00  0.000000E+00  0.000000E+00  0.000000E+00
31   6.57800375E-07 -2.992827E-01 -7.184682E-06  4.278573E-09  5.429776E-06  0.000000E+00  0.000000E+00  0.000000E+00  0.000000E+00
32   7.20795422E-07 -3.279424E-01 -7.872692E-06  5.137284E-09  5.949764E-06  0.000000E+00  0.000000E+00  0.000000E+00  0.000000E+00
33   7.89812877E-07 -3.593415E-01 -8.626470E-06  6.168173E-09  6.519463E-06  0.000000E+00  0.000000E+00  0.000000E+00  0.000000E+00
34   8.65426964E-07 -3.937411E-01 -9.452287E-06  7.405720E-09  7.143613E-06  0.000000E+00  0.000000E+00  0.000000E+00  0.000000E+00
35   9.48266440E-07 -4.314269E-01 -1.035701E-05  8.891299E-09  7.827403E-06  0.000000E+00  0.000000E+00  0.000000E+00  0.000000E+00
36   1.03901973E-06 -4.727119E-01 -1.134815E-05  1.067455E-08  8.576516E-06  0.000000E+00  0.000000E+00  0.000000E+00  0.000000E+00
37   1.13844057E-06 -5.179385E-01 -1.243393E-05  1.281504E-08  9.397177E-06  0.000000E+00  0.000000E+00  0.000000E+00  0.000000E+00
38   1.24735414E-06 -5.674816E-01 -1.362338E-05  1.538422E-08  1.029619E-05  0.000000E+00  0.000000E+00  0.000000E+00  0.000000E+00
39   1.36666378E-06 -6.217511E-01 -1.492634E-05  1.846780E-08  1.128101E-05  0.000000E+00  0.000000E+00  0.000000E+00  0.000000E+00
40   1.49735839E-06 -6.811961E-01 -1.635361E-05  2.216860E-08  1.235982E-05  0.000000E+00  0.000000E+00  0.000000E+00  0.000000E+00
41   1.64052040E-06 -7.463076E-01 -1.791701E-05  2.660996E-08  1.354152E-05  0.000000E+00  0.000000E+00  0.000000E+00  0.000000E+00
42   1.79733459E-06 -8.176226E-01 -1.962946E-05  3.193976E-08  1.483591E-05  0.000000E+00  0.000000E+00  0.000000E+00  0.000000E+00
43   1.96909768E-06 -8.957289E-01 -2.150512E-05  3.833539E-08  1.625369E-05  0.000000E+00  0.000000E+00  0.000000E+00  0.000000E+00
44   2.15722876E-06 -9.812687E-01 -2.355946E-05  4.600951E-08  1.780657E-05  0.000000E+00  0.000000E+00  0.000000E+00  0.000000E+00
45   2.36328080E-06 -1.074944E+00 -2.580944E-05  5.521711E-08  1.950737E-05  0.000000E+00  0.000000E+00  0.000000E+00  0.000000E+00
46   2.58895313E-06 -1.177523E+00 -2.827359E-05  6.626387E-08  2.137009E-05  0.000000E+00  0.000000E+00  0.000000E+00  0.000000E+00
47   2.83610504E-06 -1.289844E+00 -3.097219E-05  7.951617E-08  2.341011E-05  0.000000E+00  0.000000E+00  0.000000E+00  0.000000E+00
48   3.10677076E-06 -1.412823E+00 -3.392742E-05  9.541314E-08  2.564419E-05  0.000000E+00  0.000000E+00  0.000000E+00  0.000000E+00
49   3.40317565E-06 -1.547459E+00 -3.716354E-05  1.144810E-07  2.809069E-05  0.000000E+00  0.000000E+00  0.000000E+00  0.000000E+00
50   3.72775399E-06 -1.694842E+00 -4.070708E-05  1.373500E-07  3.076970E-05  0.000000E+00  0.000000E+00  0.000000E+00  0.000000E+00
51   4.08316835E-06 -1.856164E+00 -4.458707E-05  1.647754E-07  3.370318E-05  0.000000E+00  0.000000E+00  0.000000E+00  0.000000E+00
52   4.47233068E-06 -2.032720E+00 -4.883522E-05  1.976615E-07  3.691515E-05  0.000000E+00  0.000000E+00  0.000000E+00  0.000000E+00
53   4.89842538E-06 -2.225920E+00 -5.348623E-05  2.370910E-07  4.043187E-05  0.000000E+00  0.000000E+00  0.000000E+00  0.000000E+00
54   5.36493440E-06 -2.437298E+00 -5.857797E-05  2.843598E-07  4.428203E-05  0.000000E+00  0.000000E+00  0.000000E+00  0.000000E+00
55   5.87566467E-06 -2.668523E+00 -6.415189E-05  3.410186E-07  4.849705E-05  0.000000E+00  0.000000E+00  0.000000E+00  0.000000E+00
56   6.43477786E-06 -2.921402E+00 -7.025324E-05  4.089226E-07  5.311117E-05  0.000000E+00  0.000000E+00  0.000000E+00  0.000000E+00
57   7.04682300E-06 -3.197891E+00 -7.693146E-05  4.902896E-07  5.816190E-05  0.000000E+00  0.000000E+00  0.000000E+00  0.000000E+00
58   7.71677183E-06 -3.500105E+00 -8.424055E-05  5.877704E-07  6.369017E-05  0.000000E+00  0.000000E+00  0.000000E+00  0.000000E+00
59   8.45005737E-06 -3.830324E+00 -9.223948E-05  7.045314E-07  6.974068E-05  0.000000E+00  0.000000E+00  0.000000E+00  0.000000E+00
60   9.25261595E-06 -4.190995E+00 -1.009926E-04  8.443527E-07  7.636228E-05  0.000000E+00  0.000000E+00  0.000000E+00  0.000000E+00
61   1.01309329E-05 -4.584736E+00 -1.105701E-04  1.011744E-06  8.360827E-05  0.000000E+00  0.000000E+00  0.000000E+00  0.000000E+00
62   1.10920922E-05 -5.014336E+00 -1.210487E-04  1.212079E-06  9.153683E-05  0.000000E+00  0.000000E+00  0.000000E+00  0.000000E+00
63   1.21438305E-05 -5.482745E+00 -1.325119E-04  1.451760E-06  1.002114E-04  0.000000E+00  0.000000E+00  0.000000E+00  0.000000E+00
64   1.32945961E-05 -5.993059E+00 -1.450508E-04  1.738398E-06  1.097013E-04  0.000000E+00  0.000000E+00  0.000000E+00  0.000000E+00
65   1.45536127E-05 -6.548501E+00 -1.587645E-04  2.081037E-06  1.200819E-04  0.000000E+00  0.000000E+00  0.000000E+00  0.000000E+00
66   1.59309486E-05 -7.152372E+00 -1.737613E-04  2.490401E-06  1.314356E-04  0.000000E+00  0.000000E+00  0.000000E+00  0.000000E+00
67   1.74375923E-05 -7.807996E+00 -1.901586E-04  2.979182E-06  1.438518E-04  0.000000E+00  0.000000E+00  0.000000E+00  0.000000E+00
68   1.90855341E-05 -8.518643E+00 -2.080844E-04  3.562371E-06  1.574283E-04  0.000000E+00  0.000000E+00  0.000000E+00  0.000000E+00
69   2.08878548E-05 -9.287405E+00 -2.276777E-04  4.257621E-06  1.722710E-04  0.000000E+00  0.000000E+00  0.000000E+00  0.000000E+00
70   2.28588221E-05 -1.011703E+01 -2.490895E-04  5.085650E-06  1.884953E-04  0.000000E+00  0.000000E+00  0.000000E+00  0.000000E+00
71   2.50139945E-05 -1.100973E+01 -2.724834E-04  6.070678E-06  2.062268E-04  0.000000E+00  0.000000E+00  0.000000E+00  0.000000E+00
72   2.73703345E-05 -1.196684E+01 -2.980371E-04  7.240871E-06  2.256012E-04  0.000000E+00  0.000000E+00  0.000000E+00  0.000000E+00
73   2.99463309E-05 -1.298846E+01 -3.259425E-04  8.628783E-06  2.467664E-04  0.000000E+00  0.000000E+00  0.000000E+00  0.000000E+00
74   3.27621309E-05 -1.407296E+01 -3.564073E-04  1.027174E-05  2.698822E-04  0.000000E+00  0.000000E+00  0.000000E+00  0.000000E+00
75   3.58396831E-05 -1.521625E+01 -3.896558E-04  1.221212E-05  2.951218E-04  0.000000E+00  0.000000E+00  0.000000E+00  0.000000E+00
76   3.92028928E-05 -1.641099E+01 -4.259295E-04  1.449741E-05  3.226725E-04  0.000000E+00  0.000000E+00  0.000000E+00  0.000000E+00
77   4.28777882E-05 -1.764544E+01 -4.654888E-04  1.717994E-05  3.527368E-04  0.000000E+00  0.000000E+00  0.000000E+00  0.000000E+00
78   4.68927012E-05 -1.890226E+01 -5.086135E-04  2.031603E-05  3.855338E-04  0.000000E+00  0.000000E+00  0.000000E+00  0.000000E+00
79   5.12784620E-05 -2.015703E+01 -5.556044E-04  2.396443E-05  4.213006E-04  0.000000E+00  0.000000E+00  0.000000E+00  0.000000E+00
80   5.60686082E-05 -2.137704E+01 -6.067852E-04  2.818367E-05  4.602931E-04  0.000000E+00  0.000000E+00  0.000000E+00  0.000000E+00
81   6.12996110E-05 -2.252093E+01 -6.625033E-04  3.302817E-05  5.027868E-04  0.000000E+00  0.000000E+00  0.000000E+00  0.000000E+00
82   6.70111183E-05 -2.354087E+01 -7.231307E-04  3.854329E-05  5.490717E-04  0.000000E+00  0.000000E+00  0.000000E+00  0.000000E+00
83   7.32462153E-05 -2.438968E+01 -7.890581E-04  4.476034E-05  5.994546E-04  0.000000E+00  0.000000E+00  0.000000E+00  0.000000E+00
84   8.00517062E-05 -2.503471E+01 -8.606958E-04  5.169470E-05  6.542959E-04  0.000000E+00  0.000000E+00  0.000000E+00  0.000000E+00
85   8.74784145E-05 -2.547357E+01 -9.384985E-04  5.935165E-05  7.140372E-04  0.000000E+00  0.000000E+00  0.000000E+00  0.000000E+00
86   9.55815070E-05 -2.573833E+01 -1.022990E-03  6.773981E-05  7.791345E-04  0.000000E+00  0.000000E+00  0.000000E+00  0.000000E+00
87   1.04420839E-04 -2.588032E+01 -1.114740E-03  7.688477E-05  8.499995E-04  0.000000E+00  0.000000E+00  0.000000E+00  0.000000E+00
88   1.14061327E-04 -2.594857E+01 -1.214331E-03  8.683691E-05  9.270716E-04  0.000000E+00  0.000000E+00  0.000000E+00  0.000000E+00
89   1.24573341E-04 -2.597811E+01 -1.322379E-03  9.767340E-05  1.010887E-03  0.000000E+00  0.000000E+00  0.000000E+00  0.000000E+00
90   1.36033132E-04 -2.598953E+01 -1.439548E-03  1.094963E-04  1.102049E-03  0.000000E+00  0.000000E+00  0.000000E+00  0.000000E+00
91   1.48523279E-04 -2.599334E+01 -1.566557E-03  1.224296E-04  1.201199E-03  0.000000E+00  0.000000E+00  0.000000E+00  0.000000E+00
92   1.62133173E-04 -2.599424E+01 -1.704179E-03  1.366178E-04  1.309011E-03  0.000000E+00  0.000000E+00  0.000000E+00  0.000000E+00
93   1.76959527E-04 -2.599415E+01 -1.853237E-03  1.522254E-04  1.426209E-03  0.000000E+00  0.000000E+00  0.000000E+00  0.000000E+00
94   1.93106921E-04 -2.599372E+01 -2.014604E-03  1.694393E-04  1.553571E-03  0.000000E+00  0.000000E+00  0.000000E+00  0.000000E+00
95   2.10688377E-04 -2.599318E+01 -2.189208E-03  1.884707E-04  1.691934E-03  0.000000E+00  0.000000E+00  0.000000E+00  0.000000E+00
96   2.29825970E-04 -2.599256E+01 -2.378030E-03  2.095593E-04  1.842199E-03  0.000000E+00  0.000000E+00  0.000000E+00  0.000000E+00
97   2.50651477E-04 -2.599189E+01 -2.582102E-03  2.329772E-04  2.005336E-03  0.000000E+00  0.000000E+00  0.000000E+00  0.000000E+00
98   2.73307059E-04 -2.599116E+01 -2.802515E-03  2.590336E-04  2.182387E-03  0.000000E+00  0.000000E+00  0.000000E+00  0.000000E+00
99   2.97945983E-04 -2.599037E+01 -3.040410E-03  2.880809E-04  2.374468E-03  0.000000E+00  0.000000E+00  0.000000E+00  0.000000E+00
100  3.24733378E-04 -2.598951E+01 -3.296981E-03  3.205212E-04  2.582775E-03  0.000000E+00  0.000000E+00  0.000000E+00  0.000000E+00
101  3.53847035E-04 -2.598857E+01 -3.573473E-03  3.568133E-04  2.808590E-03  0.000000E+00  0.000000E+00  0.000000E+00  0.000000E+00
102  3.85478243E-04 -2.598756E+01 -3.871175E-03  3.974819E-04  3.053282E-03  0.000000E+00  0.000000E+00  0.000000E+00  0.000000E+00
103  4.19832665E-04 -2.598646E+01 -4.191419E-03  4.431272E-04  3.318314E-03  0.000000E+00  0.000000E+00  0.000000E+00  0.000000E+00
104  4.57131254E-04 -2.598526E+01 -4.535572E-03  4.944363E-04  3.605245E-03  0.000000E+00  0.000000E+00  0.000000E+00  0.000000E+00
105  4.97611207E-04 -2.598397E+01 -4.905026E-03  5.521962E-04  3.915739E-03  0.000000E+00  0.000000E+00  0.000000E+00  0.000000E+00
106  5.41526958E-04 -2.598256E+01 -5.301190E-03  6.173084E-04  4.251564E-03  0.000000E+00  0.000000E+00  0.000000E+00  0.000000E+00
107  5.89151211E-04 -2.598105E+01 -5.725479E-03  6.908066E-04  4.614597E-03  0.000000E+00  0.000000E+00  0.000000E+00  0.000000E+00
108  6.40776006E-04 -2.597940E+01 -6.179296E-03  7.738752E-04  5.006833E-03  0.000000E+00  0.000000E+00  0.000000E+00  0.000000E+00
109  6.96713823E-04 -2.597762E+01 -6.664012E-03  8.678718E-04  5.430382E-03  0.000000E+00  0.000000E+00  0.000000E+00  0.000000E+00
110  7.57298715E-04 -2.597570E+01 -7.180953E-03  9.743526E-04  5.887475E-03  0.000000E+00  0.000000E+00  0.000000E+00  0.000000E+00
111  8.22887481E-04 -2.597363E+01 -7.731365E-03  1.095100E-03  6.380468E-03  0.000000E+00  0.000000E+00  0.000000E+00  0.000000E+00
112  8.93860857E-04 -2.597138E+01 -8.316392E-03  1.232156E-03  6.911840E-03  0.000000E+00  0.000000E+00  0.000000E+00  0.000000E+00
113  9.70624738E-04 -2.596896E+01 -8.937039E-03  1.387858E-03  7.484200E-03  0.000000E+00  0.000000E+00  0.000000E+00  0.000000E+00
114  1.05361142E-03 -2.596636E+01 -9.594136E-03  1.564880E-03  8.100283E-03  0.000000E+00  0.000000E+00  0.000000E+00  0.000000E+00
115  1.14328086E-03 -2.596355E+01 -1.028829E-02  1.766278E-03  8.762951E-03  0.000000E+00  0.000000E+00  0.000000E+00  0.000000E+00
116  1.24012195E-03 -2.596052E+01 -1.101986E-02  1.995543E-03  9.475192E-03  0.000000E+00  0.000000E+00  0.000000E+00  0.000000E+00
117  1.34465380E-03 -2.595726E+01 -1.178885E-02  2.256662E-03  1.024012E-02  0.000000E+00  0.000000E+00  0.000000E+00  0.000000E+00
118  1.45742702E-03 -2.595376E+01 -1.259492E-02  2.554176E-03  1.106095E-02  0.000000E+00  0.000000E+00  0.000000E+00  0.000000E+00
119  1.57902501E-03 -2.595000E+01 -1.343726E-02  2.893258E-03  1.194104E-02  0.000000E+00  0.000000E+00  0.000000E+00  0.000000E+00
120  1.71006522E-03 -2.594597E+01 -1.431454E-02  3.279791E-03  1.288383E-02  0.000000E+00  0.000000E+00  0.000000E+00  0.000000E+00
121  1.85120041E-03 -2.594164E+01 -1.522486E-02  3.720457E-03  1.389286E-02  0.000000E+00  0.000000E+00  0.000000E+00  0.000000E+00
122  2.00311993E-03 -2.593701E+01 -1.616563E-02  4.222833E-03  1.497175E-02  0.000000E+00  0.000000E+00  0.000000E+00  0.000000E+00
123  2.16655083E-03 -2.593205E+01 -1.713350E-02  4.795503E-03  1.612420E-02  0.000000E+00  0.000000E+00  0.000000E+00  0.000000E+00
124  2.34225916E-03 -2.592674E+01 -1.812428E-02  5.448168E-03  1.735395E-02  0.000000E+00  0.000000E+00  0.000000E+00  0.000000E+00
125  2.53105097E-03 -2.592108E+01 -1.913284E-02  6.191779E-03  1.866477E-02  0.000000E+00  0.000000E+00  0.000000E+00  0.000000E+00
126  2.73377349E-03 -2.591503E+01 -2.015300E-02  7.038671E-03  2.006045E-02  0.000000E+00  0.000000E+00  0.000000E+00  0.000000E+00
127  2.95131607E-03 -2.590859E+01 -2.117750E-02  8.002715E-03  2.154477E-02  0.000000E+00  0.000000E+00  0.000000E+00  0.000000E+00
128  3.18461120E-03 -2.590173E+01 -2.219785E-02  9.099476E-03  2.312143E-02  0.000000E+00  0.000000E+00  0.000000E+00  0.000000E+00
129  3.43463532E-03 -2.589443E+01 -2.320429E-02  1.034638E-02  2.479408E-02  0.000000E+00  0.000000E+00  0.000000E+00  0.000000E+00
130  3.70240966E-03 -2.588669E+01 -2.418573E-02  1.176291E-02  2.656626E-02  0.000000E+00  0.000000E+00  0.000000E+00  0.000000E+00
131  3.98900094E-03 -2.587847E+01 -2.512968E-02  1.337075E-02  2.844132E-02  0.000000E+00  0.000000E+00  0.000000E+00  0.000000E+00
132  4.29552197E-03 -2.586977E+01 -2.602225E-02  1.519406E-02  3.042245E-02  0.000000E+00  0.000000E+00  0.000000E+00  0.000000E+00
133  4.62313218E-03 -2.586056E+01 -2.684812E-02  1.725959E-02  3.251256E-02  0.000000E+00  0.000000E+00  0.000000E+00  0.000000E+00
134  4.97303798E-03 -2.585084E+01 -2.759060E-02  1.959696E-02  3.471428E-02  0.000000E+00  0.000000E+00  0.000000E+00  0.000000E+00
135  5.34649313E-03 -2.584058E+01 -2.823166E-02  2.223884E-02  3.702990E-02  0.000000E+00  0.000000E+00  0.000000E+00  0.000000E+00
136  5.74479884E-03 -2.582977E+01 -2.875209E-02  2.522116E-02  3.946126E-02  0.000000E+00  0.000000E+00  0.000000E+00  0.000000E+00
137  6.16930386E-03 -2.581841E+01 -2.913165E-02  2.858334E-02  4.200976E-02  0.000000E+00  0.000000E+00  0.000000E+00  0.000000E+00
138  6.62140443E-03 -2.580648E+01 -2.934927E-02  3.236847E-02  4.467626E-02  0.000000E+00  0.000000E+00  0.000000E+00  0.000000E+00
139  7.10254405E-03 -2.579397E+01 -2.938338E-02  3.662349E-02  4.746102E-02  0.000000E+00  0.000000E+00  0.000000E+00  0.000000E+00
140  7.61421318E-03 -2.578089E+01 -2.921221E-02  4.139941E-02  5.036362E-02  0.000000E+00  0.000000E+00  0.000000E+00  0.000000E+00
141  8.15794878E-03 -2.576722E+01 -2.881427E-02  4.675140E-02  5.338291E-02  0.000000E+00  0.000000E+00  0.000000E+00  0.000000E+00
142  8.73533378E-03 -2.575296E+01 -2.816885E-02  5.273895E-02  5.651695E-02  0.000000E+00  0.000000E+00  0.000000E+00  0.000000E+00
143  9.34799633E-03 -2.573813E+01 -2.725655E-02  5.942595E-02  5.976291E-02  0.000000E+00  0.000000E+00  0.000000E+00  0.000000E+00
144  9.99760899E-03 -2.572271E+01 -2.605998E-02  6.688073E-02  6.311704E-02  0.000000E+00  0.000000E+00  0.000000E+00  0.000000E+00
145  1.06858878E-02 -2.570674E+01 -2.456445E-02  7.517604E-02  6.657457E-02  0.000000E+00  0.000000E+00  0.000000E+00  0.000000E+00
146  1.14145912E-02 -2.569020E+01 -2.275876E-02  8.438899E-02  7.012968E-02  0.000000E+00  0.000000E+00  0.000000E+00  0.000000E+00
147  1.21855190E-02 -2.567314E+01 -2.063595E-02  9.460094E-02  7.377545E-02  0.000000E+00  0.000000E+00  0.000000E+00  0.000000E+00
148  1.30005108E-02 -2.565555E+01 -1.819416E-02  1.058973E-01  7.750377E-02  0.000000E+00  0.000000E+00  0.000000E+00  0.000000E+00
149  1.38614448E-02 -2.563747E+01 -1.543740E-02  1.183670E-01  8.130536E-02  0.000000E+00  0.000000E+00  0.000000E+00  0.000000E+00
150  1.47702366E-02 -2.561893E+01 -1.237624E-02  1.321027E-01  8.516970E-02  0.000000E+00  0.000000E+00  0.000000E+00  0.000000E+00
151  1.57288369E-02 -2.559995E+01 -9.028589E-03  1.471995E-01  8.908500E-02  0.000000E+00  0.000000E+00  0.000000E+00  0.000000E+00
152  1.67392308E-02 -2.558058E+01 -5.419944E-03  1.637549E-01  9.303823E-02  0.000000E+00  0.000000E+00  0.000000E+00  0.000000E+00
153  1.78034354E-02 -2.556086E+01 -1.583862E-03  1.818682E-01  9.701510E-02  0.000000E+00  0.000000E+00  0.000000E+00  0.000000E+00
154  1.89234981E-02 -2.554082E+01  2.438159E-03  2.016390E-01  1.010001E-01  0.000000E+00  0.000000E+00  0.000000E+00  0.000000E+00
155  2.01014952E-02 -2.552052E+01  6.596996E-03  2.231668E-01  1.049764E-01  0.000000E+00  0.000000E+00  0.000000E+00  0.000000E+00
156  2.13395296E-02 -2.550000E+01  1.083662E-02  2.465500E-01  1.089263E-01  0.000000E+00  0.000000E+00  0.000000E+00  0.000000E+00
157  2.26397290E-02 -2.547932E+01  1.509522E-02  2.718843E-01  1.128306E-01  0.000000E+00  0.000000E+00  0.000000E+00  0.000000E+00
158  2.40042442E-02 -2.545854E+01  1.930680E-02  2.992617E-01  1.166695E-01  0.000000E+00  0.000000E+00  0.000000E+00  0.000000E+00
159  2.54352468E-02 -2.543772E+01  2.340313E-02  3.287686E-01  1.204220E-01  0.000000E+00  0.000000E+00  0.000000E+00  0.000000E+00
160  2.69349274E-02 -2.541691E+01  2.731601E-02  3.604851E-01  1.240665E-01  0.000000E+00  0.000000E+00  0.000000E+00  0.000000E+00
161  2.85054935E-02 -2.539617E+01  3.098014E-02  3.944825E-01  1.275807E-01  0.000000E+00  0.000000E+00  0.000000E+00  0.000000E+00
162  3.01491677E-02 -2.537557E+01  3.433527E-02  4.308222E-01  1.309418E-01  0.000000E+00  0.000000E+00  0.000000E+00  0.000000E+00
163  3.18681858E-02 -2.535518E+01  3.732931E-02  4.695533E-01  1.341267E-01  0.000000E+00  0.000000E+00  0.000000E+00  0.000000E+00
164  3.36647945E-02 -2.533504E+01  3.992023E-02  5.107116E-01  1.371123E-01  0.000000E+00  0.000000E+00  0.000000E+00  0.000000E+00
165  3.55412498E-02 -2.531523E+01  4.207788E-02  5.543170E-01  1.398754E-01  0.000000E+00  0.000000E+00  0.000000E+00  0.000000E+00
166  3.74998150E-02 -2.529580E+01  4.378505E-02  6.003719E-01  1.423932E-01  0.000000E+00  0.000000E+00  0.000000E+00  0.000000E+00
167  3.95427588E-02 -2.527681E+01  4.503764E-02  6.488597E-01  1.446435E-01  0.000000E+00  0.000000E+00  0.000000E+00  0.000000E+00
168  4.16723536E-02 -2.525831E+01  4.584408E-02  6.997428E-01  1.466049E-01  0.000000E+00  0.000000E+00  0.000000E+00  0.000000E+00
169  4.38908737E-02 -2.524035E+01  4.622391E-02  7.529609E-01  1.482570E-01  0.000000E+00  0.000000E+00  0.000000E+00  0.000000E+00
170  4.62005934E-02 -2.522298E+01  4.620578E-02  8.084299E-01  1.495807E-01  0.000000E+00  0.000000E+00  0.000000E+00  0.000000E+00
171  4.86037857E-02 -2.520623E+01  4.582502E-02  8.660405E-01  1.505585E-01  0.000000E+00  0.000000E+00  0.000000E+00  0.000000E+00
172  5.11027203E-02 -2.519016E+01  4.512120E-02  9.256569E-01  1.511747E-01  0.000000E+00  0.000000E+00  0.000000E+00  0.000000E+00
173  5.36996624E-02 -2.517477E+01  4.413569E-02  9.871163E-01  1.514156E-01  0.000000E+00  0.000000E+00  0.000000E+00  0.000000E+00
174  5.63968709E-02 -2.516011E+01  4.290963E-02  1.050229E+00  1.512698E-01  0.000000E+00  0.000000E+00  0.000000E+00  0.000000E+00
175  5.91965972E-02 -2.514619E+01  4.148234E-02  1.114776E+00  1.507285E-01  0.000000E+00  0.000000E+00  0.000000E+00  0.000000E+00
176  6.21010837E-02 -2.513303E+01  3.989026E-02  1.180513E+00  1.497853E-01  0.000000E+00  0.000000E+00  0.000000E+00  0.000000E+00
177  6.51125627E-02 -2.512064E+01  3.816645E-02  1.247168E+00  1.484370E-01  0.000000E+00  0.000000E+00  0.000000E+00  0.000000E+00
178  6.82332549E-02 -2.510901E+01  3.634031E-02  1.314442E+00  1.466831E-01  0.000000E+00  0.000000E+00  0.000000E+00  0.000000E+00
179  7.14653685E-02 -2.509814E+01  3.443794E-02  1.382015E+00  1.445263E-01  0.000000E+00  0.000000E+00  0.000000E+00  0.000000E+00
180  7.48110980E-02 -2.508804E+01  3.248246E-02  1.449542E+00  1.419724E-01  0.000000E+00  0.000000E+00  0.000000E+00  0.000000E+00
181  7.82726231E-02 -2.507867E+01  3.049443E-02  1.516658E+00  1.390305E-01  0.000000E+00  0.000000E+00  0.000000E+00  0.000000E+00
182  8.18521078E-02 -2.507004E+01  2.849243E-02  1.582982E+00  1.357128E-01  0.000000E+00  0.000000E+00  0.000000E+00  0.000000E+00
183  8.55516995E-02 -2.506211E+01  2.649342E-02  1.648118E+00  1.320347E-01  0.000000E+00  0.000000E+00  0.000000E+00  0.000000E+00
184  8.93735282E-02 -2.505486E+01  2.451300E-02  1.711661E+00  1.280144E-01  0.000000E+00  0.000000E+00  0.000000E+00  0.000000E+00
185  9.33197058E-02 -2.504826E+01  2.256571E-02  1.773197E+00  1.236733E-01  0.000000E+00  0.000000E+00  0.000000E+00  0.000000E+00
186  9.73923252E-02 -2.504228E+01  2.066496E-02  1.832313E+00  1.190355E-01  0.000000E+00  0.000000E+00  0.000000E+00  0.000000E+00
187  1.01593460E-01 -2.503689E+01  1.882306E-02  1.888594E+00  1.141274E-01  0.000000E+00  0.000000E+00  0.000000E+00  0.000000E+00
188  1.05925162E-01 -2.503204E+01  1.705120E-02  1.941634E+00  1.089780E-01  0.000000E+00  0.000000E+00  0.000000E+00  0.000000E+00
189  1.10389466E-01 -2.502772E+01  1.535920E-02  1.991040E+00  1.036181E-01  0.000000E+00  0.000000E+00  0.000000E+00  0.000000E+00
190  1.14988382E-01 -2.502387E+01  1.375544E-02  2.036431E+00  9.808005E-02  0.000000E+00  0.000000E+00  0.000000E+00  0.000000E+00
191  1.19723899E-01 -2.502047E+01  1.224671E-02  2.077450E+00  9.239785E-02  0.000000E+00  0.000000E+00  0.000000E+00  0.000000E+00
192  1.24597986E-01 -2.501747E+01  1.083816E-02  2.113764E+00  8.660626E-02  0.000000E+00  0.000000E+00  0.000000E+00  0.000000E+00
193  1.29612587E-01 -2.501485E+01  9.533194E-03  2.145073E+00  8.074069E-02  0.000000E+00  0.000000E+00  0.000000E+00  0.000000E+00
194  1.34769626E-01 -2.501256E+01  8.333539E-03  2.171106E+00  7.483674E-02  0.000000E+00  0.000000E+00  0.000000E+00  0.000000E+00
195  1.40071002E-01 -2.501057E+01  7.239259E-03  2.191634E+00  6.892985E-02  0.000000E+00  0.000000E+00  0.000000E+00  0.000000E+00
196  1.45518591E-01 -2.500886E+01  6.248886E-03  2.206467E+00  6.305486E-02  0.000000E+00  0.000000E+00  0.000000E+00  0.000000E+00
197  1.51114248E-01 -2.500738E+01  5.359563E-03  2.215461E+00  5.724568E-02  0.000000E+00  0.000000E+00  0.000000E+00  0.000000E+00
198  1.56859802E-01 -2.500613E+01  4.567233E-03  2.218516E+00  5.153489E-02  0.000000E+00  0.000000E+00  0.000000E+00  0.000000E+00
199  1.62757060E-01 -2.500506E+01  3.866840E-03  2.215582E+00  4.595342E-02  0.000000E+00  0.000000E+00  0.000000E+00  0.000000E+00
200  1.68807804E-01 -2.500416E+01  3.252555E-03  2.206656E+00  4.053023E-02  0.000000E+00  0.000000E+00  0.000000E+00  0.000000E+00
201  1.75013794E-01 -2.500340E+01  2.717988E-03  2.191787E+00  3.529201E-02  0.000000E+00  0.000000E+00  0.000000E+00  0.000000E+00
202  1.81376765E-01 -2.500276E+01  2.256404E-03  2.171071E+00  3.026297E-02  0.000000E+00  0.000000E+00  0.000000E+00  0.000000E+00
203  1.87898430E-01 -2.500224E+01  1.860917E-03  2.144652E+00  2.546461E-02  0.000000E+00  0.000000E+00  0.000000E+00  0.000000E+00
204  1.94580476E-01 -2.500180E+01  1.524667E-03  2.112721E+00  2.091555E-02  0.000000E+00  0.000000E+00  0.000000E+00  0.000000E+00
205  2.01424569E-01 -2.500144E+01  1.240965E-03  2.075514E+00  1.663145E-02  0.000000E+00  0.000000E+00  0.000000E+00  0.000000E+00
206  2.08432351E-01 -2.500115E+01  1.003415E-03  2.033306E+00  1.262488E-02  0.000000E+00  0.000000E+00  0.000000E+00  0.000000E+00
207  2.15605439E-01 -2.500091E+01  8.060096E-04  1.986411E+00  8.905353E-03  0.000000E+00  0.000000E+00  0.000000E+00  0.000000E+00
208  2.22945429E-01 -2.500072E+01  6.431915E-04  1.935176E+00  5.479298E-03  0.000000E+00  0.000000E+00  0.000000E+00  0.000000E+00
209  2.30453892E-01 -2.500056E+01  5.098990E-04  1.879977E+00  2.350145E-03  0.000000E+00  0.000000E+00  0.000000E+00  0.000000E+00
210  2.38132379E-01 -2.500044E+01  4.015828E-04  1.821216E+00 -4.815831E-04  0.000000E+00  0.000000E+00  0.000000E+00  0.000000E+00
211  2.45982414E-01 -2.500034E+01  3.142075E-04  1.759312E+00 -3.018130E-03  0.000000E+00  0.000000E+00  0.000000E+00  0.000000E+00
212  2.54005503E-01 -2.500026E+01  2.442369E-04  1.694701E+00 -5.264332E-03  0.000000E+00  0.000000E+00  0.000000E+00  0.000000E+00
213  2.62203127E-01 -2.500020E+01  1.886084E-04  1.627826E+00 -7.227424E-03  0.000000E+00  0.000000E+00  0.000000E+00  0.000000E+00
214  2.70576746E-01 -2.500015E+01  1.446994E-04  1.559137E+00 -8.916804E-03  0.000000E+00  0.000000E+00  0.000000E+00  0.000000E+00
215  2.79127797E-01 -2.500012E+01  1.102875E-04  1.489078E+00 -1.034380E-02  0.000000E+00  0.000000E+00  0.000000E+00  0.000000E+00
216  2.87857697E-01 -2.500009E+01  8.350940E-05  1.418092E+00 -1.152140E-02  0.000000E+00  0.000000E+00  0.000000E+00  0.000000E+00
217  2.96767840E-01 -2.500007E+01  6.281816E-05  1.346608E+00 -1.246400E-02  0.000000E+00  0.000000E+00  0.000000E+00  0.000000E+00
218  3.05859599E-01 -2.500005E+01  4.694195E-05  1.275043E+00 -1.318712E-02  0.000000E+00  0.000000E+00  0.000000E+00  0.000000E+00
219  3.15134328E-01 -2.500004E+01  3.484499E-05  1.203791E+00 -1.370714E-02  0.000000E+00  0.000000E+00  0.000000E+00  0.000000E+00
220  3.24593359E-01 -2.500003E+01  2.569143E-05  1.133227E+00 -1.404102E-02  0.000000E+00  0.000000E+00  0.000000E+00  0.000000E+00
221  3.34238003E-01 -2.500002E+01  1.881282E-05  1.063699E+00 -1.420610E-02  0.000000E+00  0.000000E+00  0.000000E+00  0.000000E+00
222  3.44069551E-01 -2.500001E+01  1.367926E-05  9.955278E-01 -1.421977E-02  0.000000E+00  0.000000E+00  0.000000E+00  0.000000E+00
223  3.54089276E-01 -2.500001E+01  9.874239E-06  9.290041E-01 -1.409933E-02  0.000000E+00  0.000000E+00  0.000000E+00  0.000000E+00
224  3.64298429E-01 -2.500001E+01  7.073187E-06  8.643869E-01 -1.386175E-02  0.000000E+00  0.000000E+00  0.000000E+00  0.000000E+00
225  3.74698244E-01 -2.500001E+01  5.025236E-06  8.019031E-01 -1.352348E-02  0.000000E+00  0.000000E+00  0.000000E+00  0.000000E+00
226  3.85289935E-01 -2.500000E+01  3.538077E-06  7.417467E-01 -1.310032E-02  0.000000E+00  0.000000E+00  0.000000E+00  0.000000E+00
227  3.96074695E-01 -2.500000E+01  2.465475E-06  6.840791E-01 -1.260723E-02  0.000000E+00  0.000000E+00  0.000000E+00  0.000000E+00
228  4.07053703E-01 -2.500000E+01  1.697114E-06  6.290294E-01 -1.205830E-02  0.000000E+00  0.000000E+00  0.000000E+00  0.000000E+00
229  4.18228116E-01 -2.500000E+01  1.150426E-06  5.766954E-01 -1.146659E-02  0.000000E+00  0.000000E+00  0.000000E+00  0.000000E+00
230  4.29599076E-01 -2.500000E+01  7.640950E-07  5.271449E-01 -1.084411E-02  0.000000E+00  0.000000E+00  0.000000E+00  0.000000E+00
231  4.41167705E-01 -2.500000E+01  4.929344E-07  4.804174E-01 -1.020175E-02  0.000000E+00  0.000000E+00  0.000000E+00  0.000000E+00
232  4.52935108E-01 -2.500000E+01  3.039020E-07  4.365255E-01 -9.549284E-03  0.000000E+00  0.000000E+00  0.000000E+00  0.000000E+00
233  4.64902375E-01 -2.500000E+01  1.730183E-07  3.954577E-01 -8.895366E-03  0.000000E+00  0.000000E+00  0.000000E+00  0.000000E+00
234  4.77070576E-01 -2.500000E+01  8.301251E-08  3.571800E-01 -8.247533E-03  0.000000E+00  0.000000E+00  0.000000E+00  0.000000E+00
235  4.89440768E-01 -2.500000E+01  2.153946E-08  3.216386E-01 -7.612251E-03  0.000000E+00  0.000000E+00  0.000000E+00  0.000000E+00
236  5.02013989E-01 -2.500000E+01 -2.015929E-08  2.887623E-01 -6.994951E-03  0.000000E+00  0.000000E+00  0.000000E+00  0.000000E+00
237  5.14791262E-01 -2.500000E+01 -4.825102E-08  2.584647E-01 -6.400094E-03  0.000000E+00  0.000000E+00  0.000000E+00  0.000000E+00
238  5.27773595E-01 -2.500000E+01 -6.704606E-08  2.306472E-01 -5.831227E-03  0.000000E+00  0.000000E+00  0.000000E+00  0.000000E+00
239  5.40961978E-01 -2.500000E+01 -7.953455E-08  2.052005E-01 -5.291060E-03  0.000000E+00  0.000000E+00  0.000000E+00  0.000000E+00
240  5.54357390E-01 -2.500000E+01 -8.777535E-08  1.820076E-01 -4.781538E-03  0.000000E+00  0.000000E+00  0.000000E+00  0.000000E+00
241  5.67960790E-01 -2.500000E+01 -9.317560E-08  1.609456E-01 -4.303920E-03  0.000000E+00  0.000000E+00  0.000000E+00  0.000000E+00
242  5.81773127E-01 -2.500000E+01 -9.668984E-08  1.418875E-01 -3.858860E-03  0.000000E+00  0.000000E+00  0.000000E+00  0.000000E+00
243  5.95795333E-01 -2.500000E+01 -9.896084E-08  1.247047E-01 -3.446479E-03  0.000000E+00  0.000000E+00  0.000000E+00  0.000000E+00
244  6.10028327E-01 -2.500000E+01 -1.004182E-07  1.092679E-01 -3.066448E-03  0.000000E+00  0.000000E+00  0.000000E+00  0.000000E+00
245  6.24473011E-01 -2.500000E+01 -1.013468E-07  9.544890E-02 -2.718053E-03  0.000000E+00  0.000000E+00  0.000000E+00  0.000000E+00
246  6.39130279E-01 -2.500000E+01 -1.019344E-07  8.312190E-02 -2.400271E-03  0.000000E+00  0.000000E+00  0.000000E+00  0.000000E+00
247  6.54001005E-01 -2.500000E+01 -1.023035E-07  7.216455E-02 -2.111826E-03  0.000000E+00  0.000000E+00  0.000000E+00  0.000000E+00
248  6.69086056E-01 -2.500000E+01 -1.025338E-07  6.245885E-02 -1.851253E-03  0.000000E+00  0.000000E+00  0.000000E+00  0.000000E+00
249  6.84386281E-01 -2.500000E+01 -1.026765E-07  5.389189E-02 -1.616949E-03  0.000000E+00  0.000000E+00  0.000000E+00  0.000000E+00
250  6.99902519E-01 -2.500000E+01 -1.027642E-07  4.635643E-02 -1.407218E-03  0.000000E+00  0.000000E+00  0.000000E+00  0.000000E+00
251  7.15635596E-01 -2.500000E+01 -1.028178E-07  3.975131E-02 -1.220314E-03  0.000000E+00  0.000000E+00  0.000000E+00  0.000000E+00
252  7.31586325E-01 -2.500000E+01 -1.028502E-07  3.398174E-02 -1.054477E-03  0.000000E+00  0.000000E+00  0.000000E+00  0.000000E+00
253  7.47755508E-01 -2.500000E+01 -1.028698E-07  2.895945E-02 -9.079588E-04  0.000000E+00  0.000000E+00  0.000000E+00  0.000000E+00
254  7.64143933E-01 -2.500000E+01 -1.028815E-07  2.460275E-02 -7.790535E-04  0.000000E+00  0.000000E+00  0.000000E+00  0.000000E+00
255  7.80752380E-01 -2.500000E+01 -1.028884E-07  2.083642E-02 -6.661130E-04  0.000000E+00  0.000000E+00  0.000000E+00  0.000000E+00
256  7.97581613E-01 -2.500000E+01 -1.028925E-07  1.759166E-02 -5.675637E-04  0.000000E+00  0.000000E+00  0.000000E+00  0.000000E+00
257  8.14632389E-01 -2.500000E+01 -1.028948E-07  1.480584E-02 -4.819186E-04  0.000000E+00  0.000000E+00  0.000000E+00  0.000000E+00
258  8.31905451E-01 -2.500000E+01 -1.028962E-07  1.242222E-02 -4.077845E-04  0.000000E+00  0.000000E+00  0.000000E+00  0.000000E+00
259  8.49401533E-01 -2.500000E+01 -1.028970E-07  1.038971E-02 -3.438673E-04  0.000000E+00  0.000000E+00  0.000000E+00  0.000000E+00
260  8.67121356E-01 -2.500000E+01 -1.028975E-07  8.662518E-03 -2.889741E-04  0.000000E+00  0.000000E+00  0.000000E+00  0.000000E+00
261  8.85065633E-01 -2.500000E+01 -1.028977E-07  7.199775E-03 -2.420133E-04  0.000000E+00  0.000000E+00  0.000000E+00  0.000000E+00
262  9.03235067E-01 -2.500000E+01 -1.028979E-07  5.965214E-03 -2.019926E-04  0.000000E+00  0.000000E+00  0.000000E+00  0.000000E+00
263  9.21630347E-01 -2.500000E+01 -1.028980E-07  4.926785E-03 -1.680164E-04  0.000000E+00  0.000000E+00  0.000000E+00  0.000000E+00
264  9.40252157E-01 -2.500000E+01 -1.028980E-07  4.056296E-03 -1.392806E-04  0.000000E+00  0.000000E+00  0.000000E+00  0.000000E+00
265  9.59101168E-01 -2.500000E+01 -1.028980E-07  3.329065E-03 -1.150683E-04  0.000000E+00  0.000000E+00  0.000000E+00  0.000000E+00
266  9.78178042E-01 -2.500000E+01 -1.028981E-07  2.723577E-03 -9.474348E-05  0.000000E+00  0.000000E+00  0.000000E+00  0.000000E+00
267  9.97483432E-01 -2.500000E+01 -1.028981E-07  2.221161E-03 -7.774533E-05  0.000000E+00  0.000000E+00  0.000000E+00  0.000000E+00
268  1.01701798E+00 -2.500000E+01 -1.028981E-07  1.805683E-03 -6.358178E-05  0.000000E+00  0.000000E+00  0.000000E+00  0.000000E+00
269  1.03678233E+00 -2.500000E+01 -1.028981E-07  1.463263E-03 -5.182348E-05  0.000000E+00  0.000000E+00  0.000000E+00  0.000000E+00
270  1.05677710E+00 -2.500000E+01 -1.028981E-07  1.182010E-03 -4.209764E-05  0.000000E+00  0.000000E+00  0.000000E+00  0.000000E+00
271  1.07700290E+00 -2.500000E+01 -1.028981E-07  9.517774E-04 -3.408223E-05  0.000000E+00  0.000000E+00  0.000000E+00  0.000000E+00
272  1.09746035E+00 -2.500000E+01 -1.028981E-07  7.639482E-04 -2.750039E-05  0.000000E+00  0.000000E+00  0.000000E+00  0.000000E+00
273  1.11815005E+00 -2.500000E+01 -1.028981E-07  6.112302E-04 -2.211523E-05  0.000000E+00  0.000000E+00  0.000000E+00  0.000000E+00
274  1.13907258E+00 -2.500000E+01 -2.057961E-07  4.874797E-04 -1.772504E-05  0.000000E+00  0.000000E+00  0.000000E+00  0.000000E+00
275  1.16022854E+00 -2.500000E+01 -2.057961E-07  3.875406E-04 -1.415882E-05  0.000000E+00  0.000000E+00  0.000000E+00  0.000000E+00
276  1.18161849E+00 -2.500000E+01 -2.057961E-07  3.071039E-04 -1.127229E-05  0.000000E+00  0.000000E+00  0.000000E+00  0.000000E+00
277  1.20324301E+00 -2.500000E+01 -2.057961E-07  2.425824E-04 -8.944232E-06  0.000000E+00  0.000000E+00  0.000000E+00  0.000000E+00
278  1.22510265E+00 -2.500000E+01 -2.057961E-07  1.910017E-04 -7.073278E-06  0.000000E+00  0.000000E+00  0.000000E+00  0.000000E+00
279  1.24719797E+00 -2.500000E+01 -2.057961E-07  1.499056E-04 -5.575010E-06  0.000000E+00  0.000000E+00  0.000000E+00  0.000000E+00
280  1.26952952E+00 -2.500000E+01 -2.057961E-07  1.172734E-04 -4.379439E-06  0.000000E+00  0.000000E+00  0.000000E+00  0.000000E+00
281  1.29209782E+00 -2.500000E+01 -2.057961E-07  9.144934E-05 -3.428779E-06  0.000000E+00  0.000000E+00  0.000000E+00  0.000000E+00
282  1.31490341E+00 -2.500000E+01 -2.057961E-07  7.108196E-05 -2.675527E-06  0.000000E+00  0.000000E+00  0.000000E+00  0.000000E+00
283  1.33794681E+00 -2.500000E+01 -2.057961E-07  5.507248E-05 -2.080789E-06  0.000000E+00  0.000000E+00  0.000000E+00  0.000000E+00
284  1.36122855E+00 -2.500000E+01 -2.057961E-07  4.253091E-05 -1.612857E-06  0.000000E+00  0.000000E+00  0.000000E+00  0.000000E+00
285  1.38474912E+00 -2.500000E+01 -2.057961E-07  3.273919E-05 -1.245986E-06  0.000000E+00  0.000000E+00  0.000000E+00  0.000000E+00
286  1.40850904E+00 -2.500000E+01 -2.057961E-07  2.512020E-05 -9.593562E-07  0.000000E+00  0.000000E+00  0.000000E+00  0.000000E+00
287  1.43250879E+00 -2.500000E+01 -2.057961E-07  1.921182E-05 -7.362004E-07  0.000000E+00  0.000000E+00  0.000000E+00  0.000000E+00
288  1.45674887E+00 -2.500000E+01 -2.057961E-07  1.464546E-05 -5.630691E-07  0.000000E+00  0.000000E+00  0.000000E+00  0.000000E+00
289  1.48122977E+00 -2.500000E+01 -2.057961E-07  1.112820E-05 -4.292169E-07  0.000000E+00  0.000000E+00  0.000000E+00  0.000000E+00
290  1.50595195E+00 -2.500000E+01 -2.057961E-07  8.428158E-06 -3.260927E-07  0.000000E+00  0.000000E+00  0.000000E+00  0.000000E+00
291  1.53091589E+00 -2.500000E+01 -2.057961E-07  6.362461E-06 -2.469191E-07  0.000000E+00  0.000000E+00  0.000000E+00  0.000000E+00
292  1.55612206E+00 -2.500000E+01 -2.057961E-07  4.787412E-06 -1.863447E-07  0.000000E+00  0.000000E+00  0.000000E+00  0.000000E+00
293  1.58157091E+00 -2.500000E+01 -2.057961E-07  3.590528E-06 -1.401614E-07  0.000000E+00  0.000000E+00  0.000000E+00  0.000000E+00
294  1.60726290E+00 -2.500000E+01 -2.057961E-07  2.684085E-06 -1.050722E-07  0.000000E+00  0.000000E+00  0.000000E+00  0.000000E+00
295  1.63319847E+00 -2.500000E+01 -2.057961E-07  1.999924E-06 -7.850474E-08  0.000000E+00  0.000000E+00  0.000000E+00  0.000000E+00
296  1.65937806E+00 -2.500000E+01 -2.057961E-07  1.485280E-06 -5.845902E-08  0.000000E+00  0.000000E+00  0.000000E+00  0.000000E+00
297  1.68580212E+00 -2.500000E+01 -2.057961E-07  1.099460E-06 -4.338651E-08  0.000000E+00  0.000000E+00  0.000000E+00  0.000000E+00
298  1.71247107E+00 -2.500000E+01 -2.057961E-07  8.111963E-07 -3.209260E-08  0.000000E+00  0.000000E+00  0.000000E+00  0.000000E+00
299  1.73938534E+00 -2.500000E+01 -2.057961E-07  5.965491E-07 -2.365930E-08  0.000000E+00  0.000000E+00  0.000000E+00  0.000000E+00
300  1.76654534E+00 -2.500000E+01 -2.057961E-07  4.372592E-07 -1.738381E-08  0.000000E+00  0.000000E+00  0.000000E+00  0.000000E+00
301  1.79395150E+00 -2.500000E+01 -2.057961E-07  3.194500E-07 -1.273017E-08  0.000000E+00  0.000000E+00  0.000000E+00  0.000000E+00
302  1.82160422E+00 -2.500000E+01 -2.057961E-07  2.326145E-07 -9.291126E-09  0.000000E+00  0.000000E+00  0.000000E+00  0.000000E+00
303  1.84950390E+00 -2.500000E+01 -2.057961E-07  1.688261E-07 -6.758455E-09  0.000000E+00  0.000000E+00  0.000000E+00  0.000000E+00
304  1.87765096E+00 -2.500000E+01 -2.057961E-07  1.221264E-07 -4.899715E-09  0.000000E+00  0.000000E+00  0.000000E+00  0.000000E+00
305  1.90604577E+00 -2.500000E+01 -2.057961E-07  8.805339E-08 -3.540284E-09  0.000000E+00  0.000000E+00  0.000000E+00  0.000000E+00
306  1.93468874E+00 -2.500000E+01 -2.057961E-07  6.327723E-08 -2.549462E-09  0.000000E+00  0.000000E+00  0.000000E+00  0.000000E+00
307  1.96358024E+00 -2.500000E+01 -2.057961E-07  4.532238E-08 -1.829791E-09  0.000000E+00  0.000000E+00  0.000000E+00  0.000000E+00
308  1.99272066E+00 -2.500000E+01 -2.057961E-07  3.235494E-08 -1.308871E-09  0.000000E+00  0.000000E+00  0.000000E+00  0.000000E+00
309  2.02211038E+00 -2.500000E+01 -2.057961E-07  2.302130E-08 -9.331113E-10  0.000000E+00  0.000000E+00  0.000000E+00  0.000000E+00
310  2.05174976E+00 -2.500000E+01 -2.057961E-07  1.632598E-08 -6.629962E-10  0.000000E+00  0.000000E+00  0.000000E+00  0.000000E+00
311  2.08163917E+00 -2.500000E+01 -2.057961E-07  1.153953E-08 -4.694929E-10  0.000000E+00  0.000000E+00  0.000000E+00  0.000000E+00
312  2.11177898E+00 -2.500000E+01 -2.057961E-07  8.129326E-09 -3.313497E-10  0.000000E+00  0.000000E+00  0.000000E+00  0.000000E+00
313  2.14216954E+00 -2.500000E+01 -2.057961E-07  5.707920E-09 -2.330683E-10  0.000000E+00  0.000000E+00  0.000000E+00  0.000000E+00
314  2.17281122E+00 -2.500000E+01 -2.057961E-07  3.994449E-09 -1.633873E-10  0.000000E+00  0.000000E+00  0.000000E+00  0.000000E+00
315  2.20370435E+00 -2.500000E+01 -2.057961E-07  2.786060E-09 -1.141540E-10  0.000000E+00  0.000000E+00  0.000000E+00  0.000000E+00
316  2.23484929E+00 -2.500000E+01 -2.057961E-07  1.936767E-09 -7.948794E-11  0.000000E+00  0.000000E+00  0.000000E+00  0.000000E+00
317  2.26624637E+00 -2.500000E+01 -2.057961E-07  1.341890E-09 -5.516298E-11  0.000000E+00  0.000000E+00  0.000000E+00  0.000000E+00
318  2.29789594E+00 -2.500000E+01 -2.057961E-07  9.266321E-10 -3.815312E-11  0.000000E+00  0.000000E+00  0.000000E+00  0.000000E+00
319  2.32979834E+00 -2.500000E+01 -2.057961E-07  6.377464E-10 -2.629950E-11  0.000000E+00  0.000000E+00  0.000000E+00  0.000000E+00
320  2.36195388E+00 -2.500000E+01 -2.057961E-07  4.374594E-10 -1.806756E-11  0.000000E+00  0.000000E+00  0.000000E+00  0.000000E+00
321  2.39436290E+00 -2.500000E+01 -2.057961E-07  2.990719E-10 -1.237044E-11  0.000000E+00  0.000000E+00  0.000000E+00  0.000000E+00
322  2.42702573E+00 -2.500000E+01 -2.057961E-07  2.037794E-10 -8.456850E-12  0.000000E+00  0.000000E+00  0.000000E+00  0.000000E+00
323  2.45994267E+00 -2.500000E+01 -2.057961E-07  1.383856E-10 -5.704978E-12  0.000000E+00  0.000000E+00  0.000000E+00  0.000000E+00
