#      n =  3
#  kappa = -2
# energy = -9.48823400E+02
#     dn =  1.62558123E-08
#SelfEne =  2.72113860E+32
#     vc = -1.90618978E+03
#  ilast =  367
#    rfn =  2.30453892E-01
#    pdx =  1.99462508E+00
#   bqp0 = -2.55397589E-05
#   bqp1 =  0.00000000E+00
#    idx = 2
# LEPTON = 0
#   MASS =  1.00000000E+00
# CHARGE =  1.00000000E+00
#  EUNIT =  2.72113860E+01
#  RUNIT =  4.13413733E+16
#  LUNIT =  5.29177211E-01
#    AMU =  1.82288849E+03
#    FSC =  7.29735257E-03


0    3.84615385E-08 -1.749943E-02 -4.202146E-07  6.196081E-13 -1.583008E-17  0.000000E+00  0.000000E+00  0.000000E+00  0.000000E+00
1    4.21538616E-08 -1.917938E-02 -4.605438E-07  7.439171E-13 -2.083857E-17  0.000000E+00  0.000000E+00  0.000000E+00  0.000000E+00
2    4.62005013E-08 -2.102054E-02 -5.047431E-07  8.932656E-13 -2.742810E-17  0.000000E+00  0.000000E+00  0.000000E+00  0.000000E+00
3    5.06354359E-08 -2.303837E-02 -5.531834E-07  1.072687E-12 -3.609968E-17  0.000000E+00  0.000000E+00  0.000000E+00  0.000000E+00
4    5.54958993E-08 -2.524981E-02 -6.062715E-07  1.288225E-12 -4.751263E-17  0.000000E+00  0.000000E+00  0.000000E+00  0.000000E+00
5    6.08226920E-08 -2.767342E-02 -6.644531E-07  1.547141E-12 -6.253476E-17  0.000000E+00  0.000000E+00  0.000000E+00  0.000000E+00
6    6.66605223E-08 -3.032954E-02 -7.282163E-07  1.858155E-12 -8.230827E-17  0.000000E+00  0.000000E+00  0.000000E+00  0.000000E+00
7    7.30583799E-08 -3.324047E-02 -7.980964E-07  2.231740E-12 -1.083365E-16  0.000000E+00  0.000000E+00  0.000000E+00  0.000000E+00
8    8.00699453E-08 -3.643062E-02 -8.746796E-07  2.680472E-12 -1.425983E-16  0.000000E+00  0.000000E+00  0.000000E+00  0.000000E+00
9    8.77540382E-08 -3.992677E-02 -9.586083E-07  3.219458E-12 -1.876981E-16  0.000000E+00  0.000000E+00  0.000000E+00  0.000000E+00
10   9.61751081E-08 -4.375822E-02 -1.050587E-06  3.866838E-12 -2.470639E-16  0.000000E+00  0.000000E+00  0.000000E+00  0.000000E+00
11   1.05403773E-07 -4.795713E-02 -1.151386E-06  4.644396E-12 -3.252073E-16  0.000000E+00  0.000000E+00  0.000000E+00  0.000000E+00
12   1.15517407E-07 -5.255867E-02 -1.261851E-06  5.578295E-12 -4.280666E-16  0.000000E+00  0.000000E+00  0.000000E+00  0.000000E+00
13   1.26600788E-07 -5.760144E-02 -1.382907E-06  6.699951E-12 -5.634566E-16  0.000000E+00  0.000000E+00  0.000000E+00  0.000000E+00
14   1.38746801E-07 -6.312768E-02 -1.515570E-06  8.047089E-12 -7.416628E-16  0.000000E+00  0.000000E+00  0.000000E+00  0.000000E+00
15   1.52057213E-07 -6.918369E-02 -1.660951E-06  9.665012E-12 -9.762207E-16  0.000000E+00  0.000000E+00  0.000000E+00  0.000000E+00
16   1.66643523E-07 -7.582021E-02 -1.820267E-06  1.160812E-11 -1.284944E-15  0.000000E+00  0.000000E+00  0.000000E+00  0.000000E+00
17   1.82627885E-07 -8.309284E-02 -1.994853E-06  1.394173E-11 -1.691273E-15  0.000000E+00  0.000000E+00  0.000000E+00  0.000000E+00
18   2.00144127E-07 -9.106243E-02 -2.186170E-06  1.674427E-11 -2.226057E-15  0.000000E+00  0.000000E+00  0.000000E+00  0.000000E+00
19   2.19338863E-07 -9.979568E-02 -2.395820E-06  2.010991E-11 -2.929886E-15  0.000000E+00  0.000000E+00  0.000000E+00  0.000000E+00
20   2.40372711E-07 -1.093657E-01 -2.625556E-06  2.415173E-11 -3.856174E-15  0.000000E+00  0.000000E+00  0.000000E+00  0.000000E+00
21   2.63421624E-07 -1.198525E-01 -2.877301E-06  2.900548E-11 -5.075199E-15  0.000000E+00  0.000000E+00  0.000000E+00  0.000000E+00
22   2.88678352E-07 -1.313438E-01 -3.153159E-06  3.483413E-11 -6.679435E-15  0.000000E+00  0.000000E+00  0.000000E+00  0.000000E+00
23   3.16354039E-07 -1.439356E-01 -3.455437E-06  4.183337E-11 -8.790545E-15  0.000000E+00  0.000000E+00  0.000000E+00  0.000000E+00
24   3.46679972E-07 -1.577333E-01 -3.786660E-06  5.023811E-11 -1.156860E-14  0.000000E+00  0.000000E+00  0.000000E+00  0.000000E+00
25   3.79909496E-07 -1.728519E-01 -4.149595E-06  6.033035E-11 -1.522418E-14  0.000000E+00  0.000000E+00  0.000000E+00  0.000000E+00
26   4.16320108E-07 -1.894178E-01 -4.547272E-06  7.244863E-11 -2.003432E-14  0.000000E+00  0.000000E+00  0.000000E+00  0.000000E+00
27   4.56215749E-07 -2.075691E-01 -4.983011E-06  8.699931E-11 -2.636346E-14  0.000000E+00  0.000000E+00  0.000000E+00  0.000000E+00
28   4.99929318E-07 -2.274575E-01 -5.460447E-06  1.044702E-10 -3.469097E-14  0.000000E+00  0.000000E+00  0.000000E+00  0.000000E+00
29   5.47825411E-07 -2.492485E-01 -5.983561E-06  1.254468E-10 -4.564740E-14  0.000000E+00  0.000000E+00  0.000000E+00  0.000000E+00
30   6.00303332E-07 -2.731240E-01 -6.556714E-06  1.506318E-10 -6.006213E-14  0.000000E+00  0.000000E+00  0.000000E+00  0.000000E+00
31   6.57800375E-07 -2.992827E-01 -7.184682E-06  1.808686E-10 -7.902592E-14  0.000000E+00  0.000000E+00  0.000000E+00  0.000000E+00
32   7.20795422E-07 -3.279424E-01 -7.872692E-06  2.171696E-10 -1.039733E-13  0.000000E+00  0.000000E+00  0.000000E+00  0.000000E+00
33   7.89812877E-07 -3.593415E-01 -8.626470E-06  2.607495E-10 -1.367907E-13  0.000000E+00  0.000000E+00  0.000000E+00  0.000000E+00
34   8.65426964E-07 -3.937411E-01 -9.452287E-06  3.130660E-10 -1.799588E-13  0.000000E+00  0.000000E+00  0.000000E+00  0.000000E+00
35   9.48266440E-07 -4.314269E-01 -1.035701E-05  3.758683E-10 -2.367394E-13  0.000000E+00  0.000000E+00  0.000000E+00  0.000000E+00
36   1.03901973E-06 -4.727119E-01 -1.134815E-05  4.512555E-10 -3.114210E-13  0.000000E+00  0.000000E+00  0.000000E+00  0.000000E+00
37   1.13844057E-06 -5.179385E-01 -1.243393E-05  5.417458E-10 -4.096416E-13  0.000000E+00  0.000000E+00  0.000000E+00  0.000000E+00
38   1.24735414E-06 -5.674816E-01 -1.362338E-05  6.503608E-10 -5.388129E-13  0.000000E+00  0.000000E+00  0.000000E+00  0.000000E+00
39   1.36666378E-06 -6.217511E-01 -1.492634E-05  7.807250E-10 -7.086774E-13  0.000000E+00  0.000000E+00  0.000000E+00  0.000000E+00
40   1.49735839E-06 -6.811961E-01 -1.635361E-05  9.371866E-10 -9.320403E-13  0.000000E+00  0.000000E+00  0.000000E+00  0.000000E+00
41   1.64052040E-06 -7.463076E-01 -1.791701E-05  1.124962E-09 -1.225730E-12  0.000000E+00  0.000000E+00  0.000000E+00  0.000000E+00
42   1.79733459E-06 -8.176226E-01 -1.962946E-05  1.350306E-09 -1.611862E-12  0.000000E+00  0.000000E+00  0.000000E+00  0.000000E+00
43   1.96909768E-06 -8.957289E-01 -2.150512E-05  1.620722E-09 -2.119494E-12  0.000000E+00  0.000000E+00  0.000000E+00  0.000000E+00
44   2.15722876E-06 -9.812687E-01 -2.355946E-05  1.945208E-09 -2.786803E-12  0.000000E+00  0.000000E+00  0.000000E+00  0.000000E+00
45   2.36328080E-06 -1.074944E+00 -2.580944E-05  2.334554E-09 -3.663940E-12  0.000000E+00  0.000000E+00  0.000000E+00  0.000000E+00
46   2.58895313E-06 -1.177523E+00 -2.827359E-05  2.801696E-09 -4.816776E-12  0.000000E+00  0.000000E+00  0.000000E+00  0.000000E+00
47   2.83610504E-06 -1.289844E+00 -3.097219E-05  3.362147E-09 -6.331821E-12  0.000000E+00  0.000000E+00  0.000000E+00  0.000000E+00
48   3.10677076E-06 -1.412823E+00 -3.392742E-05  4.034500E-09 -8.322671E-12  0.000000E+00  0.000000E+00  0.000000E+00  0.000000E+00
49   3.40317565E-06 -1.547459E+00 -3.716354E-05  4.841045E-09 -1.093846E-11  0.000000E+00  0.000000E+00  0.000000E+00  0.000000E+00
50   3.72775399E-06 -1.694842E+00 -4.070708E-05  5.808496E-09 -1.437496E-11  0.000000E+00  0.000000E+00  0.000000E+00  0.000000E+00
51   4.08316835E-06 -1.856164E+00 -4.458707E-05  6.968871E-09 -1.888908E-11  0.000000E+00  0.000000E+00  0.000000E+00  0.000000E+00
52   4.47233068E-06 -2.032720E+00 -4.883522E-05  8.360534E-09 -2.481792E-11  0.000000E+00  0.000000E+00  0.000000E+00  0.000000E+00
53   4.89842538E-06 -2.225920E+00 -5.348623E-05  1.002945E-08 -3.260371E-11  0.000000E+00  0.000000E+00  0.000000E+00  0.000000E+00
54   5.36493440E-06 -2.437298E+00 -5.857797E-05  1.203069E-08 -4.282639E-11  0.000000E+00  0.000000E+00  0.000000E+00  0.000000E+00
55   5.87566467E-06 -2.668523E+00 -6.415189E-05  1.443022E-08 -5.624630E-11  0.000000E+00  0.000000E+00  0.000000E+00  0.000000E+00
56   6.43477786E-06 -2.921402E+00 -7.025324E-05  1.730703E-08 -7.386003E-11  0.000000E+00  0.000000E+00  0.000000E+00  0.000000E+00
57   7.04682300E-06 -3.197891E+00 -7.693146E-05  2.075572E-08 -9.697327E-11  0.000000E+00  0.000000E+00  0.000000E+00  0.000000E+00
58   7.71677183E-06 -3.500105E+00 -8.424055E-05  2.488957E-08 -1.272960E-10  0.000000E+00  0.000000E+00  0.000000E+00  0.000000E+00
59   8.45005737E-06 -3.830324E+00 -9.223948E-05  2.984416E-08 -1.670667E-10  0.000000E+00  0.000000E+00  0.000000E+00  0.000000E+00
60   9.25261595E-06 -4.190995E+00 -1.009926E-04  3.578177E-08 -2.192141E-10  0.000000E+00  0.000000E+00  0.000000E+00  0.000000E+00
61   1.01309329E-05 -4.584736E+00 -1.105701E-04  4.289660E-08 -2.875678E-10  0.000000E+00  0.000000E+00  0.000000E+00  0.000000E+00
62   1.10920922E-05 -5.014336E+00 -1.210487E-04  5.142100E-08 -3.771316E-10  0.000000E+00  0.000000E+00  0.000000E+00  0.000000E+00
63   1.21438305E-05 -5.482745E+00 -1.325119E-04  6.163288E-08 -4.944392E-10  0.000000E+00  0.000000E+00  0.000000E+00  0.000000E+00
64   1.32945961E-05 -5.993059E+00 -1.450508E-04  7.386461E-08 -6.480126E-10  0.000000E+00  0.000000E+00  0.000000E+00  0.000000E+00
65   1.45536127E-05 -6.548501E+00 -1.587645E-04  8.851358E-08 -8.489569E-10  0.000000E+00  0.000000E+00  0.000000E+00  0.000000E+00
66   1.59309486E-05 -7.152372E+00 -1.737613E-04  1.060548E-07 -1.111724E-09  0.000000E+00  0.000000E+00  0.000000E+00  0.000000E+00
67   1.74375923E-05 -7.807996E+00 -1.901586E-04  1.270558E-07 -1.455093E-09  0.000000E+00  0.000000E+00  0.000000E+00  0.000000E+00
68   1.90855341E-05 -8.518643E+00 -2.080844E-04  1.521948E-07 -1.903424E-09  0.000000E+00  0.000000E+00  0.000000E+00  0.000000E+00
69   2.08878548E-05 -9.287405E+00 -2.276777E-04  1.822815E-07 -2.488252E-09  0.000000E+00  0.000000E+00  0.000000E+00  0.000000E+00
70   2.28588221E-05 -1.011703E+01 -2.490895E-04  2.182829E-07 -3.250295E-09  0.000000E+00  0.000000E+00  0.000000E+00  0.000000E+00
71   2.50139945E-05 -1.100973E+01 -2.724834E-04  2.613527E-07 -4.241973E-09  0.000000E+00  0.000000E+00  0.000000E+00  0.000000E+00
72   2.73703345E-05 -1.196684E+01 -2.980371E-04  3.128677E-07 -5.530530E-09  0.000000E+00  0.000000E+00  0.000000E+00  0.000000E+00
73   2.99463309E-05 -1.298846E+01 -3.259425E-04  3.744694E-07 -7.201843E-09  0.000000E+00  0.000000E+00  0.000000E+00  0.000000E+00
74   3.27621309E-05 -1.407296E+01 -3.564073E-04  4.481147E-07 -9.364990E-09  0.000000E+00  0.000000E+00  0.000000E+00  0.000000E+00
75   3.58396831E-05 -1.521625E+01 -3.896558E-04  5.361351E-07 -1.215760E-08  0.000000E+00  0.000000E+00  0.000000E+00  0.000000E+00
76   3.92028928E-05 -1.641099E+01 -4.259295E-04  6.413076E-07 -1.575187E-08  0.000000E+00  0.000000E+00  0.000000E+00  0.000000E+00
77   4.28777882E-05 -1.764544E+01 -4.654888E-04  7.669376E-07 -2.036096E-08  0.000000E+00  0.000000E+00  0.000000E+00  0.000000E+00
78   4.68927012E-05 -1.890226E+01 -5.086135E-04  9.169587E-07 -2.624521E-08  0.000000E+00  0.000000E+00  0.000000E+00  0.000000E+00
79   5.12784620E-05 -2.015703E+01 -5.556044E-04  1.096049E-06 -3.371700E-08  0.000000E+00  0.000000E+00  0.000000E+00  0.000000E+00
80   5.60686082E-05 -2.137704E+01 -6.067852E-04  1.309773E-06 -4.314273E-08  0.000000E+00  0.000000E+00  0.000000E+00  0.000000E+00
81   6.12996110E-05 -2.252093E+01 -6.625033E-04  1.564744E-06 -5.493961E-08  0.000000E+00  0.000000E+00  0.000000E+00  0.000000E+00
82   6.70111183E-05 -2.354087E+01 -7.231307E-04  1.868818E-06 -6.956566E-08  0.000000E+00  0.000000E+00  0.000000E+00  0.000000E+00
83   7.32462153E-05 -2.438968E+01 -7.890581E-04  2.231314E-06 -8.750382E-08  0.000000E+00  0.000000E+00  0.000000E+00  0.000000E+00
84   8.00517062E-05 -2.503471E+01 -8.606958E-04  2.663281E-06 -1.092488E-07  0.000000E+00  0.000000E+00  0.000000E+00  0.000000E+00
85   8.74784145E-05 -2.547357E+01 -9.384985E-04  3.177855E-06 -1.353143E-07  0.000000E+00  0.000000E+00  0.000000E+00  0.000000E+00
86   9.55815070E-05 -2.573833E+01 -1.022990E-03  3.790697E-06 -1.662758E-07  0.000000E+00  0.000000E+00  0.000000E+00  0.000000E+00
87   1.04420839E-04 -2.588032E+01 -1.114740E-03  4.520401E-06 -2.028416E-07  0.000000E+00  0.000000E+00  0.000000E+00  0.000000E+00
88   1.14061327E-04 -2.594857E+01 -1.214331E-03  5.388938E-06 -2.459203E-07  0.000000E+00  0.000000E+00  0.000000E+00  0.000000E+00
89   1.24573341E-04 -2.597811E+01 -1.322379E-03  6.422297E-06 -2.966677E-07  0.000000E+00  0.000000E+00  0.000000E+00  0.000000E+00
90   1.36033132E-04 -2.598953E+01 -1.439548E-03  7.651259E-06 -3.565150E-07  0.000000E+00  0.000000E+00  0.000000E+00  0.000000E+00
91   1.48523279E-04 -2.599334E+01 -1.566557E-03  9.112262E-06 -4.271946E-07  0.000000E+00  0.000000E+00  0.000000E+00  0.000000E+00
92   1.62133173E-04 -2.599424E+01 -1.704179E-03  1.084840E-05 -5.107727E-07  0.000000E+00  0.000000E+00  0.000000E+00  0.000000E+00
93   1.76959527E-04 -2.599415E+01 -1.853237E-03  1.291061E-05 -6.096954E-07  0.000000E+00  0.000000E+00  0.000000E+00  0.000000E+00
94   1.93106921E-04 -2.599372E+01 -2.014604E-03  1.535902E-05 -7.268477E-07  0.000000E+00  0.000000E+00  0.000000E+00  0.000000E+00
95   2.10688377E-04 -2.599318E+01 -2.189208E-03  1.826459E-05 -8.656274E-07  0.000000E+00  0.000000E+00  0.000000E+00  0.000000E+00
96   2.29825970E-04 -2.599256E+01 -2.378030E-03  2.171098E-05 -1.030034E-06  0.000000E+00  0.000000E+00  0.000000E+00  0.000000E+00
97   2.50651477E-04 -2.599189E+01 -2.582102E-03  2.579675E-05 -1.224775E-06  0.000000E+00  0.000000E+00  0.000000E+00  0.000000E+00
98   2.73307059E-04 -2.599116E+01 -2.802515E-03  3.063795E-05 -1.455384E-06  0.000000E+00  0.000000E+00  0.000000E+00  0.000000E+00
99   2.97945983E-04 -2.599037E+01 -3.040410E-03  3.637107E-05 -1.728369E-06  0.000000E+00  0.000000E+00  0.000000E+00  0.000000E+00
100  3.24733378E-04 -2.598951E+01 -3.296981E-03  4.315652E-05 -2.051372E-06  0.000000E+00  0.000000E+00  0.000000E+00  0.000000E+00
101  3.53847035E-04 -2.598857E+01 -3.573473E-03  5.118268E-05 -2.433366E-06  0.000000E+00  0.000000E+00  0.000000E+00  0.000000E+00
102  3.85478243E-04 -2.598756E+01 -3.871175E-03  6.067049E-05 -2.884875E-06  0.000000E+00  0.000000E+00  0.000000E+00  0.000000E+00
103  4.19832665E-04 -2.598646E+01 -4.191419E-03  7.187894E-05 -3.418231E-06  0.000000E+00  0.000000E+00  0.000000E+00  0.000000E+00
104  4.57131254E-04 -2.598526E+01 -4.535572E-03  8.511122E-05 -4.047873E-06  0.000000E+00  0.000000E+00  0.000000E+00  0.000000E+00
105  4.97611207E-04 -2.598397E+01 -4.905026E-03  1.007219E-04 -4.790686E-06  0.000000E+00  0.000000E+00  0.000000E+00  0.000000E+00
106  5.41526958E-04 -2.598256E+01 -5.301190E-03  1.191254E-04 -5.666401E-06  0.000000E+00  0.000000E+00  0.000000E+00  0.000000E+00
107  5.89151211E-04 -2.598105E+01 -5.725479E-03  1.408050E-04 -6.698045E-06  0.000000E+00  0.000000E+00  0.000000E+00  0.000000E+00
108  6.40776006E-04 -2.597940E+01 -6.179296E-03  1.663245E-04 -7.912460E-06  0.000000E+00  0.000000E+00  0.000000E+00  0.000000E+00
109  6.96713823E-04 -2.597762E+01 -6.664012E-03  1.963398E-04 -9.340902E-06  0.000000E+00  0.000000E+00  0.000000E+00  0.000000E+00
110  7.57298715E-04 -2.597570E+01 -7.180953E-03  2.316139E-04 -1.101972E-05  0.000000E+00  0.000000E+00  0.000000E+00  0.000000E+00
111  8.22887481E-04 -2.597363E+01 -7.731365E-03  2.730327E-04 -1.299113E-05  0.000000E+00  0.000000E+00  0.000000E+00  0.000000E+00
112  8.93860857E-04 -2.597138E+01 -8.316392E-03  3.216237E-04 -1.530409E-05  0.000000E+00  0.000000E+00  0.000000E+00  0.000000E+00
113  9.70624738E-04 -2.596896E+01 -8.937039E-03  3.785767E-04 -1.801533E-05  0.000000E+00  0.000000E+00  0.000000E+00  0.000000E+00
114  1.05361142E-03 -2.596636E+01 -9.594136E-03  4.452677E-04 -2.119046E-05  0.000000E+00  0.000000E+00  0.000000E+00  0.000000E+00
115  1.14328086E-03 -2.596355E+01 -1.028829E-02  5.232856E-04 -2.490525E-05  0.000000E+00  0.000000E+00  0.000000E+00  0.000000E+00
116  1.24012195E-03 -2.596052E+01 -1.101986E-02  6.144623E-04 -2.924708E-05  0.000000E+00  0.000000E+00  0.000000E+00  0.000000E+00
117  1.34465380E-03 -2.595726E+01 -1.178885E-02  7.209063E-04 -3.431656E-05  0.000000E+00  0.000000E+00  0.000000E+00  0.000000E+00
118  1.45742702E-03 -2.595376E+01 -1.259492E-02  8.450409E-04 -4.022936E-05  0.000000E+00  0.000000E+00  0.000000E+00  0.000000E+00
119  1.57902501E-03 -2.595000E+01 -1.343726E-02  9.896462E-04 -4.711821E-05  0.000000E+00  0.000000E+00  0.000000E+00  0.000000E+00
120  1.71006522E-03 -2.594597E+01 -1.431454E-02  1.157906E-03 -5.513515E-05  0.000000E+00  0.000000E+00  0.000000E+00  0.000000E+00
121  1.85120041E-03 -2.594164E+01 -1.522486E-02  1.353459E-03 -6.445407E-05  0.000000E+00  0.000000E+00  0.000000E+00  0.000000E+00
122  2.00311993E-03 -2.593701E+01 -1.616563E-02  1.580458E-03 -7.527346E-05  0.000000E+00  0.000000E+00  0.000000E+00  0.000000E+00
123  2.16655083E-03 -2.593205E+01 -1.713350E-02  1.843631E-03 -8.781940E-05  0.000000E+00  0.000000E+00  0.000000E+00  0.000000E+00
124  2.34225916E-03 -2.592674E+01 -1.812428E-02  2.148353E-03 -1.023490E-04  0.000000E+00  0.000000E+00  0.000000E+00  0.000000E+00
125  2.53105097E-03 -2.592108E+01 -1.913284E-02  2.500716E-03 -1.191539E-04  0.000000E+00  0.000000E+00  0.000000E+00  0.000000E+00
126  2.73377349E-03 -2.591503E+01 -2.015300E-02  2.907619E-03 -1.385645E-04  0.000000E+00  0.000000E+00  0.000000E+00  0.000000E+00
127  2.95131607E-03 -2.590859E+01 -2.117750E-02  3.376846E-03 -1.609538E-04  0.000000E+00  0.000000E+00  0.000000E+00  0.000000E+00
128  3.18461120E-03 -2.590173E+01 -2.219785E-02  3.917171E-03 -1.867425E-04  0.000000E+00  0.000000E+00  0.000000E+00  0.000000E+00
129  3.43463532E-03 -2.589443E+01 -2.320429E-02  4.538451E-03 -2.164037E-04  0.000000E+00  0.000000E+00  0.000000E+00  0.000000E+00
130  3.70240966E-03 -2.588669E+01 -2.418573E-02  5.251739E-03 -2.504681E-04  0.000000E+00  0.000000E+00  0.000000E+00  0.000000E+00
131  3.98900094E-03 -2.587847E+01 -2.512968E-02  6.069393E-03 -2.895295E-04  0.000000E+00  0.000000E+00  0.000000E+00  0.000000E+00
132  4.29552197E-03 -2.586977E+01 -2.602225E-02  7.005197E-03 -3.342512E-04  0.000000E+00  0.000000E+00  0.000000E+00  0.000000E+00
133  4.62313218E-03 -2.586056E+01 -2.684812E-02  8.074479E-03 -3.853711E-04  0.000000E+00  0.000000E+00  0.000000E+00  0.000000E+00
134  4.97303798E-03 -2.585084E+01 -2.759060E-02  9.294243E-03 -4.437089E-04  0.000000E+00  0.000000E+00  0.000000E+00  0.000000E+00
135  5.34649313E-03 -2.584058E+01 -2.823166E-02  1.068329E-02 -5.101718E-04  0.000000E+00  0.000000E+00  0.000000E+00  0.000000E+00
136  5.74479884E-03 -2.582977E+01 -2.875209E-02  1.226234E-02 -5.857614E-04  0.000000E+00  0.000000E+00  0.000000E+00  0.000000E+00
137  6.16930386E-03 -2.581841E+01 -2.913165E-02  1.405419E-02 -6.715798E-04  0.000000E+00  0.000000E+00  0.000000E+00  0.000000E+00
138  6.62140443E-03 -2.580648E+01 -2.934927E-02  1.608377E-02 -7.688364E-04  0.000000E+00  0.000000E+00  0.000000E+00  0.000000E+00
139  7.10254405E-03 -2.579397E+01 -2.938338E-02  1.837833E-02 -8.788533E-04  0.000000E+00  0.000000E+00  0.000000E+00  0.000000E+00
140  7.61421318E-03 -2.578089E+01 -2.921221E-02  2.096748E-02 -1.003071E-03  0.000000E+00  0.000000E+00  0.000000E+00  0.000000E+00
141  8.15794878E-03 -2.576722E+01 -2.881427E-02  2.388334E-02 -1.143055E-03  0.000000E+00  0.000000E+00  0.000000E+00  0.000000E+00
142  8.73533378E-03 -2.575296E+01 -2.816885E-02  2.716053E-02 -1.300498E-03  0.000000E+00  0.000000E+00  0.000000E+00  0.000000E+00
143  9.34799633E-03 -2.573813E+01 -2.725655E-02  3.083632E-02 -1.477225E-03  0.000000E+00  0.000000E+00  0.000000E+00  0.000000E+00
144  9.99760899E-03 -2.572271E+01 -2.605998E-02  3.495055E-02 -1.675194E-03  0.000000E+00  0.000000E+00  0.000000E+00  0.000000E+00
145  1.06858878E-02 -2.570674E+01 -2.456445E-02  3.954570E-02 -1.896501E-03  0.000000E+00  0.000000E+00  0.000000E+00  0.000000E+00
146  1.14145912E-02 -2.569020E+01 -2.275876E-02  4.466678E-02 -2.143373E-03  0.000000E+00  0.000000E+00  0.000000E+00  0.000000E+00
147  1.21855190E-02 -2.567314E+01 -2.063595E-02  5.036128E-02 -2.418174E-03  0.000000E+00  0.000000E+00  0.000000E+00  0.000000E+00
148  1.30005108E-02 -2.565555E+01 -1.819416E-02  5.667899E-02 -2.723395E-03  0.000000E+00  0.000000E+00  0.000000E+00  0.000000E+00
149  1.38614448E-02 -2.563747E+01 -1.543740E-02  6.367185E-02 -3.061648E-03  0.000000E+00  0.000000E+00  0.000000E+00  0.000000E+00
150  1.47702366E-02 -2.561893E+01 -1.237624E-02  7.139364E-02 -3.435661E-03  0.000000E+00  0.000000E+00  0.000000E+00  0.000000E+00
151  1.57288369E-02 -2.559995E+01 -9.028589E-03  7.989969E-02 -3.848261E-03  0.000000E+00  0.000000E+00  0.000000E+00  0.000000E+00
152  1.67392308E-02 -2.558058E+01 -5.419944E-03  8.924645E-02 -4.302367E-03  0.000000E+00  0.000000E+00  0.000000E+00  0.000000E+00
153  1.78034354E-02 -2.556086E+01 -1.583862E-03  9.949106E-02 -4.800963E-03  0.000000E+00  0.000000E+00  0.000000E+00  0.000000E+00
154  1.89234981E-02 -2.554082E+01  2.438159E-03  1.106907E-01 -5.347088E-03  0.000000E+00  0.000000E+00  0.000000E+00  0.000000E+00
155  2.01014952E-02 -2.552052E+01  6.596996E-03  1.229021E-01 -5.943804E-03  0.000000E+00  0.000000E+00  0.000000E+00  0.000000E+00
156  2.13395296E-02 -2.550000E+01  1.083662E-02  1.361807E-01 -6.594169E-03  0.000000E+00  0.000000E+00  0.000000E+00  0.000000E+00
157  2.26397290E-02 -2.547932E+01  1.509522E-02  1.505797E-01 -7.301213E-03  0.000000E+00  0.000000E+00  0.000000E+00  0.000000E+00
158  2.40042442E-02 -2.545854E+01  1.930680E-02  1.661495E-01 -8.067894E-03  0.000000E+00  0.000000E+00  0.000000E+00  0.000000E+00
159  2.54352468E-02 -2.543772E+01  2.340313E-02  1.829364E-01 -8.897066E-03  0.000000E+00  0.000000E+00  0.000000E+00  0.000000E+00
160  2.69349274E-02 -2.541691E+01  2.731601E-02  2.009815E-01 -9.791436E-03  0.000000E+00  0.000000E+00  0.000000E+00  0.000000E+00
161  2.85054935E-02 -2.539617E+01  3.098014E-02  2.203199E-01 -1.075352E-02  0.000000E+00  0.000000E+00  0.000000E+00  0.000000E+00
162  3.01491677E-02 -2.537557E+01  3.433527E-02  2.409790E-01 -1.178558E-02  0.000000E+00  0.000000E+00  0.000000E+00  0.000000E+00
163  3.18681858E-02 -2.535518E+01  3.732931E-02  2.629775E-01 -1.288959E-02  0.000000E+00  0.000000E+00  0.000000E+00  0.000000E+00
164  3.36647945E-02 -2.533504E+01  3.992023E-02  2.863241E-01 -1.406720E-02  0.000000E+00  0.000000E+00  0.000000E+00  0.000000E+00
165  3.55412498E-02 -2.531523E+01  4.207788E-02  3.110158E-01 -1.531961E-02  0.000000E+00  0.000000E+00  0.000000E+00  0.000000E+00
166  3.74998150E-02 -2.529580E+01  4.378505E-02  3.370368E-01 -1.664758E-02  0.000000E+00  0.000000E+00  0.000000E+00  0.000000E+00
167  3.95427588E-02 -2.527681E+01  4.503764E-02  3.643573E-01 -1.805135E-02  0.000000E+00  0.000000E+00  0.000000E+00  0.000000E+00
168  4.16723536E-02 -2.525831E+01  4.584408E-02  3.929314E-01 -1.953055E-02  0.000000E+00  0.000000E+00  0.000000E+00  0.000000E+00
169  4.38908737E-02 -2.524035E+01  4.622391E-02  4.226968E-01 -2.108420E-02  0.000000E+00  0.000000E+00  0.000000E+00  0.000000E+00
170  4.62005934E-02 -2.522298E+01  4.620578E-02  4.535729E-01 -2.271059E-02  0.000000E+00  0.000000E+00  0.000000E+00  0.000000E+00
171  4.86037857E-02 -2.520623E+01  4.582502E-02  4.854596E-01 -2.440725E-02  0.000000E+00  0.000000E+00  0.000000E+00  0.000000E+00
172  5.11027203E-02 -2.519016E+01  4.512120E-02  5.182371E-01 -2.617092E-02  0.000000E+00  0.000000E+00  0.000000E+00  0.000000E+00
173  5.36996624E-02 -2.517477E+01  4.413569E-02  5.517643E-01 -2.799746E-02  0.000000E+00  0.000000E+00  0.000000E+00  0.000000E+00
174  5.63968709E-02 -2.516011E+01  4.290963E-02  5.858787E-01 -2.988185E-02  0.000000E+00  0.000000E+00  0.000000E+00  0.000000E+00
175  5.91965972E-02 -2.514619E+01  4.148234E-02  6.203957E-01 -3.181815E-02  0.000000E+00  0.000000E+00  0.000000E+00  0.000000E+00
176  6.21010837E-02 -2.513303E+01  3.989026E-02  6.551089E-01 -3.379946E-02  0.000000E+00  0.000000E+00  0.000000E+00  0.000000E+00
177  6.51125627E-02 -2.512064E+01  3.816645E-02  6.897899E-01 -3.581792E-02  0.000000E+00  0.000000E+00  0.000000E+00  0.000000E+00
178  6.82332549E-02 -2.510901E+01  3.634031E-02  7.241891E-01 -3.786472E-02  0.000000E+00  0.000000E+00  0.000000E+00  0.000000E+00
179  7.14653685E-02 -2.509814E+01  3.443794E-02  7.580365E-01 -3.993009E-02  0.000000E+00  0.000000E+00  0.000000E+00  0.000000E+00
180  7.48110980E-02 -2.508804E+01  3.248246E-02  7.910428E-01 -4.200336E-02  0.000000E+00  0.000000E+00  0.000000E+00  0.000000E+00
181  7.82726231E-02 -2.507867E+01  3.049443E-02  8.229012E-01 -4.407296E-02  0.000000E+00  0.000000E+00  0.000000E+00  0.000000E+00
182  8.18521078E-02 -2.507004E+01  2.849243E-02  8.532891E-01 -4.612648E-02  0.000000E+00  0.000000E+00  0.000000E+00  0.000000E+00
183  8.55516995E-02 -2.506211E+01  2.649342E-02  8.818706E-01 -4.815077E-02  0.000000E+00  0.000000E+00  0.000000E+00  0.000000E+00
184  8.93735282E-02 -2.505486E+01  2.451300E-02  9.082992E-01 -5.013201E-02  0.000000E+00  0.000000E+00  0.000000E+00  0.000000E+00
185  9.33197058E-02 -2.504826E+01  2.256571E-02  9.322210E-01 -5.205576E-02  0.000000E+00  0.000000E+00  0.000000E+00  0.000000E+00
186  9.73923252E-02 -2.504228E+01  2.066496E-02  9.532779E-01 -5.390716E-02  0.000000E+00  0.000000E+00  0.000000E+00  0.000000E+00
187  1.01593460E-01 -2.503689E+01  1.882306E-02  9.711117E-01 -5.567099E-02  0.000000E+00  0.000000E+00  0.000000E+00  0.000000E+00
188  1.05925162E-01 -2.503204E+01  1.705120E-02  9.853676E-01 -5.733184E-02  0.000000E+00  0.000000E+00  0.000000E+00  0.000000E+00
189  1.10389466E-01 -2.502772E+01  1.535920E-02  9.956990E-01 -5.887424E-02  0.000000E+00  0.000000E+00  0.000000E+00  0.000000E+00
190  1.14988382E-01 -2.502387E+01  1.375544E-02  1.001772E+00 -6.028287E-02  0.000000E+00  0.000000E+00  0.000000E+00  0.000000E+00
191  1.19723899E-01 -2.502047E+01  1.224671E-02  1.003269E+00 -6.154267E-02  0.000000E+00  0.000000E+00  0.000000E+00  0.000000E+00
192  1.24597986E-01 -2.501747E+01  1.083816E-02  9.998947E-01 -6.264014E-02  0.000000E+00  0.000000E+00  0.000000E+00  0.000000E+00
193  1.29612587E-01 -2.501485E+01  9.533194E-03  9.913802E-01 -6.356042E-02  0.000000E+00  0.000000E+00  0.000000E+00  0.000000E+00
194  1.34769626E-01 -2.501256E+01  8.333539E-03  9.774872E-01 -6.429040E-02  0.000000E+00  0.000000E+00  0.000000E+00  0.000000E+00
195  1.40071002E-01 -2.501057E+01  7.239259E-03  9.580128E-01 -6.481801E-02  0.000000E+00  0.000000E+00  0.000000E+00  0.000000E+00
196  1.45518591E-01 -2.500886E+01  6.248886E-03  9.327937E-01 -6.513235E-02  0.000000E+00  0.000000E+00  0.000000E+00  0.000000E+00
197  1.51114248E-01 -2.500738E+01  5.359563E-03  9.017098E-01 -6.522390E-02  0.000000E+00  0.000000E+00  0.000000E+00  0.000000E+00
198  1.56859802E-01 -2.500613E+01  4.567233E-03  8.646880E-01 -6.508464E-02  0.000000E+00  0.000000E+00  0.000000E+00  0.000000E+00
199  1.62757060E-01 -2.500506E+01  3.866840E-03  8.217050E-01 -6.470821E-02  0.000000E+00  0.000000E+00  0.000000E+00  0.000000E+00
200  1.68807804E-01 -2.500416E+01  3.252555E-03  7.727898E-01 -6.409007E-02  0.000000E+00  0.000000E+00  0.000000E+00  0.000000E+00
201  1.75013794E-01 -2.500340E+01  2.717988E-03  7.180256E-01 -6.322755E-02  0.000000E+00  0.000000E+00  0.000000E+00  0.000000E+00
202  1.81376765E-01 -2.500276E+01  2.256404E-03  6.575510E-01 -6.211999E-02  0.000000E+00  0.000000E+00  0.000000E+00  0.000000E+00
203  1.87898430E-01 -2.500224E+01  1.860917E-03  5.915607E-01 -6.076878E-02  0.000000E+00  0.000000E+00  0.000000E+00  0.000000E+00
204  1.94580476E-01 -2.500180E+01  1.524667E-03  5.203049E-01 -5.917740E-02  0.000000E+00  0.000000E+00  0.000000E+00  0.000000E+00
205  2.01424569E-01 -2.500144E+01  1.240965E-03  4.440891E-01 -5.735147E-02  0.000000E+00  0.000000E+00  0.000000E+00  0.000000E+00
206  2.08432351E-01 -2.500115E+01  1.003415E-03  3.632715E-01 -5.529868E-02  0.000000E+00  0.000000E+00  0.000000E+00  0.000000E+00
207  2.15605439E-01 -2.500091E+01  8.060096E-04  2.782610E-01 -5.302878E-02  0.000000E+00  0.000000E+00  0.000000E+00  0.000000E+00
208  2.22945429E-01 -2.500072E+01  6.431915E-04  1.895143E-01 -5.055354E-02  0.000000E+00  0.000000E+00  0.000000E+00  0.000000E+00
209  2.30453892E-01 -2.500056E+01  5.098990E-04  9.753119E-02 -4.788658E-02  0.000000E+00  0.000000E+00  0.000000E+00  0.000000E+00
210  2.38132379E-01 -2.500044E+01  4.015828E-04  2.850696E-03 -4.504332E-02  0.000000E+00  0.000000E+00  0.000000E+00  0.000000E+00
211  2.45982414E-01 -2.500034E+01  3.142075E-04 -9.395447E-02 -4.204081E-02  0.000000E+00  0.000000E+00  0.000000E+00  0.000000E+00
212  2.54005503E-01 -2.500026E+01  2.442369E-04 -1.922836E-01 -3.889755E-02  0.000000E+00  0.000000E+00  0.000000E+00  0.000000E+00
213  2.62203127E-01 -2.500020E+01  1.886084E-04 -2.915140E-01 -3.563328E-02  0.000000E+00  0.000000E+00  0.000000E+00  0.000000E+00
214  2.70576746E-01 -2.500015E+01  1.446994E-04 -3.910079E-01 -3.226884E-02  0.000000E+00  0.000000E+00  0.000000E+00  0.000000E+00
215  2.79127797E-01 -2.500012E+01  1.102875E-04 -4.901189E-01 -2.882589E-02  0.000000E+00  0.000000E+00  0.000000E+00  0.000000E+00
216  2.87857697E-01 -2.500009E+01  8.350940E-05 -5.881993E-01 -2.532669E-02  0.000000E+00  0.000000E+00  0.000000E+00  0.000000E+00
217  2.96767840E-01 -2.500007E+01  6.281816E-05 -6.846070E-01 -2.179386E-02  0.000000E+00  0.000000E+00  0.000000E+00  0.000000E+00
218  3.05859599E-01 -2.500005E+01  4.694195E-05 -7.787126E-01 -1.825015E-02  0.000000E+00  0.000000E+00  0.000000E+00  0.000000E+00
219  3.15134328E-01 -2.500004E+01  3.484499E-05 -8.699062E-01 -1.471817E-02  0.000000E+00  0.000000E+00  0.000000E+00  0.000000E+00
220  3.24593359E-01 -2.500003E+01  2.569143E-05 -9.576041E-01 -1.122016E-02  0.000000E+00  0.000000E+00  0.000000E+00  0.000000E+00
221  3.34238003E-01 -2.500002E+01  1.881282E-05 -1.041255E+00 -7.777749E-03  0.000000E+00  0.000000E+00  0.000000E+00  0.000000E+00
222  3.44069551E-01 -2.500001E+01  1.367926E-05 -1.120346E+00 -4.411742E-03  0.000000E+00  0.000000E+00  0.000000E+00  0.000000E+00
223  3.54089276E-01 -2.500001E+01  9.874239E-06 -1.194409E+00 -1.141895E-03  0.000000E+00  0.000000E+00  0.000000E+00  0.000000E+00
224  3.64298429E-01 -2.500001E+01  7.073187E-06 -1.263020E+00  2.013273E-03  0.000000E+00  0.000000E+00  0.000000E+00  0.000000E+00
225  3.74698244E-01 -2.500001E+01  5.025236E-06 -1.325813E+00  5.036656E-03  0.000000E+00  0.000000E+00  0.000000E+00  0.000000E+00
226  3.85289935E-01 -2.500000E+01  3.538077E-06 -1.382472E+00  7.912716E-03  0.000000E+00  0.000000E+00  0.000000E+00  0.000000E+00
227  3.96074695E-01 -2.500000E+01  2.465475E-06 -1.432743E+00  1.062761E-02  0.000000E+00  0.000000E+00  0.000000E+00  0.000000E+00
228  4.07053703E-01 -2.500000E+01  1.697114E-06 -1.476430E+00  1.316929E-02  0.000000E+00  0.000000E+00  0.000000E+00  0.000000E+00
229  4.18228116E-01 -2.500000E+01  1.150426E-06 -1.513397E+00  1.552759E-02  0.000000E+00  0.000000E+00  0.000000E+00  0.000000E+00
230  4.29599076E-01 -2.500000E+01  7.640950E-07 -1.543570E+00  1.769429E-02  0.000000E+00  0.000000E+00  0.000000E+00  0.000000E+00
231  4.41167705E-01 -2.500000E+01  4.929344E-07 -1.566932E+00  1.966309E-02  0.000000E+00  0.000000E+00  0.000000E+00  0.000000E+00
232  4.52935108E-01 -2.500000E+01  3.039020E-07 -1.583529E+00  2.142968E-02  0.000000E+00  0.000000E+00  0.000000E+00  0.000000E+00
233  4.64902375E-01 -2.500000E+01  1.730183E-07 -1.593458E+00  2.299165E-02  0.000000E+00  0.000000E+00  0.000000E+00  0.000000E+00
234  4.77070576E-01 -2.500000E+01  8.301251E-08 -1.596874E+00  2.434849E-02  0.000000E+00  0.000000E+00  0.000000E+00  0.000000E+00
235  4.89440768E-01 -2.500000E+01  2.153946E-08 -1.593979E+00  2.550147E-02  0.000000E+00  0.000000E+00  0.000000E+00  0.000000E+00
236  5.02013989E-01 -2.500000E+01 -2.015929E-08 -1.585021E+00  2.645361E-02  0.000000E+00  0.000000E+00  0.000000E+00  0.000000E+00
237  5.14791262E-01 -2.500000E+01 -4.825102E-08 -1.570292E+00  2.720948E-02  0.000000E+00  0.000000E+00  0.000000E+00  0.000000E+00
238  5.27773595E-01 -2.500000E+01 -6.704606E-08 -1.550119E+00  2.777517E-02  0.000000E+00  0.000000E+00  0.000000E+00  0.000000E+00
239  5.40961978E-01 -2.500000E+01 -7.953455E-08 -1.524861E+00  2.815808E-02  0.000000E+00  0.000000E+00  0.000000E+00  0.000000E+00
240  5.54357390E-01 -2.500000E+01 -8.777535E-08 -1.494902E+00  2.836680E-02  0.000000E+00  0.000000E+00  0.000000E+00  0.000000E+00
241  5.67960790E-01 -2.500000E+01 -9.317560E-08 -1.460651E+00  2.841094E-02  0.000000E+00  0.000000E+00  0.000000E+00  0.000000E+00
242  5.81773127E-01 -2.500000E+01 -9.668984E-08 -1.422530E+00  2.830099E-02  0.000000E+00  0.000000E+00  0.000000E+00  0.000000E+00
243  5.95795333E-01 -2.500000E+01 -9.896084E-08 -1.380972E+00  2.804812E-02  0.000000E+00  0.000000E+00  0.000000E+00  0.000000E+00
244  6.10028327E-01 -2.500000E+01 -1.004182E-07 -1.336416E+00  2.766405E-02  0.000000E+00  0.000000E+00  0.000000E+00  0.000000E+00
245  6.24473011E-01 -2.500000E+01 -1.013468E-07 -1.289302E+00  2.716088E-02  0.000000E+00  0.000000E+00  0.000000E+00  0.000000E+00
246  6.39130279E-01 -2.500000E+01 -1.019344E-07 -1.240064E+00  2.655091E-02  0.000000E+00  0.000000E+00  0.000000E+00  0.000000E+00
247  6.54001005E-01 -2.500000E+01 -1.023035E-07 -1.189130E+00  2.584653E-02  0.000000E+00  0.000000E+00  0.000000E+00  0.000000E+00
248  6.69086056E-01 -2.500000E+01 -1.025338E-07 -1.136914E+00  2.506005E-02  0.000000E+00  0.000000E+00  0.000000E+00  0.000000E+00
249  6.84386281E-01 -2.500000E+01 -1.026765E-07 -1.083814E+00  2.420360E-02  0.000000E+00  0.000000E+00  0.000000E+00  0.000000E+00
250  6.99902519E-01 -2.500000E+01 -1.027642E-07 -1.030211E+00  2.328897E-02  0.000000E+00  0.000000E+00  0.000000E+00  0.000000E+00
251  7.15635596E-01 -2.500000E+01 -1.028178E-07 -9.764601E-01  2.232756E-02  0.000000E+00  0.000000E+00  0.000000E+00  0.000000E+00
252  7.31586325E-01 -2.500000E+01 -1.028502E-07 -9.228964E-01  2.133024E-02  0.000000E+00  0.000000E+00  0.000000E+00  0.000000E+00
253  7.47755508E-01 -2.500000E+01 -1.028698E-07 -8.698274E-01  2.030730E-02  0.000000E+00  0.000000E+00  0.000000E+00  0.000000E+00
254  7.64143933E-01 -2.500000E+01 -1.028815E-07 -8.175339E-01  1.926838E-02  0.000000E+00  0.000000E+00  0.000000E+00  0.000000E+00
255  7.80752380E-01 -2.500000E+01 -1.028884E-07 -7.662685E-01  1.822242E-02  0.000000E+00  0.000000E+00  0.000000E+00  0.000000E+00
256  7.97581613E-01 -2.500000E+01 -1.028925E-07 -7.162558E-01  1.717762E-02  0.000000E+00  0.000000E+00  0.000000E+00  0.000000E+00
257  8.14632389E-01 -2.500000E+01 -1.028948E-07 -6.676918E-01  1.614142E-02  0.000000E+00  0.000000E+00  0.000000E+00  0.000000E+00
258  8.31905451E-01 -2.500000E+01 -1.028962E-07 -6.207445E-01  1.512047E-02  0.000000E+00  0.000000E+00  0.000000E+00  0.000000E+00
259  8.49401533E-01 -2.500000E+01 -1.028970E-07 -5.755541E-01  1.412068E-02  0.000000E+00  0.000000E+00  0.000000E+00  0.000000E+00
260  8.67121356E-01 -2.500000E+01 -1.028975E-07 -5.322346E-01  1.314715E-02  0.000000E+00  0.000000E+00  0.000000E+00  0.000000E+00
261  8.85065633E-01 -2.500000E+01 -1.028977E-07 -4.908745E-01  1.220426E-02  0.000000E+00  0.000000E+00  0.000000E+00  0.000000E+00
262  9.03235067E-01 -2.500000E+01 -1.028979E-07 -4.515381E-01  1.129566E-02  0.000000E+00  0.000000E+00  0.000000E+00  0.000000E+00
263  9.21630347E-01 -2.500000E+01 -1.028980E-07 -4.142675E-01  1.042430E-02  0.000000E+00  0.000000E+00  0.000000E+00  0.000000E+00
264  9.40252157E-01 -2.500000E+01 -1.028980E-07 -3.790840E-01  9.592502E-03  0.000000E+00  0.000000E+00  0.000000E+00  0.000000E+00
265  9.59101168E-01 -2.500000E+01 -1.028980E-07 -3.459898E-01  8.801953E-03  0.000000E+00  0.000000E+00  0.000000E+00  0.000000E+00
266  9.78178042E-01 -2.500000E+01 -1.028981E-07 -3.149702E-01  8.053794E-03  0.000000E+00  0.000000E+00  0.000000E+00  0.000000E+00
267  9.97483432E-01 -2.500000E+01 -1.028981E-07 -2.859949E-01  7.348647E-03  0.000000E+00  0.000000E+00  0.000000E+00  0.000000E+00
268  1.01701798E+00 -2.500000E+01 -1.028981E-07 -2.590207E-01  6.686671E-03  0.000000E+00  0.000000E+00  0.000000E+00  0.000000E+00
269  1.03678233E+00 -2.500000E+01 -1.028981E-07 -2.339925E-01  6.067613E-03  0.000000E+00  0.000000E+00  0.000000E+00  0.000000E+00
270  1.05677710E+00 -2.500000E+01 -1.028981E-07 -2.108456E-01  5.490856E-03  0.000000E+00  0.000000E+00  0.000000E+00  0.000000E+00
271  1.07700290E+00 -2.500000E+01 -1.028981E-07 -1.895074E-01  4.955470E-03  0.000000E+00  0.000000E+00  0.000000E+00  0.000000E+00
272  1.09746035E+00 -2.500000E+01 -1.028981E-07 -1.698987E-01  4.460260E-03  0.000000E+00  0.000000E+00  0.000000E+00  0.000000E+00
273  1.11815005E+00 -2.500000E+01 -1.028981E-07 -1.519356E-01  4.003808E-03  0.000000E+00  0.000000E+00  0.000000E+00  0.000000E+00
274  1.13907258E+00 -2.500000E+01 -2.057961E-07 -1.355308E-01  3.584519E-03  0.000000E+00  0.000000E+00  0.000000E+00  0.000000E+00
275  1.16022854E+00 -2.500000E+01 -2.057961E-07 -1.205947E-01  3.200661E-03  0.000000E+00  0.000000E+00  0.000000E+00  0.000000E+00
276  1.18161849E+00 -2.500000E+01 -2.057961E-07 -1.070367E-01  2.850397E-03  0.000000E+00  0.000000E+00  0.000000E+00  0.000000E+00
277  1.20324301E+00 -2.500000E+01 -2.057961E-07 -9.476648E-02  2.531826E-03  0.000000E+00  0.000000E+00  0.000000E+00  0.000000E+00
278  1.22510265E+00 -2.500000E+01 -2.057961E-07 -8.369440E-02  2.243005E-03  0.000000E+00  0.000000E+00  0.000000E+00  0.000000E+00
279  1.24719797E+00 -2.500000E+01 -2.057961E-07 -7.373270E-02  1.981983E-03  0.000000E+00  0.000000E+00  0.000000E+00  0.000000E+00
280  1.26952952E+00 -2.500000E+01 -2.057961E-07 -6.479601E-02  1.746816E-03  0.000000E+00  0.000000E+00  0.000000E+00  0.000000E+00
281  1.29209782E+00 -2.500000E+01 -2.057961E-07 -5.680192E-02  1.535595E-03  0.000000E+00  0.000000E+00  0.000000E+00  0.000000E+00
282  1.31490341E+00 -2.500000E+01 -2.057961E-07 -4.967139E-02  1.346457E-03  0.000000E+00  0.000000E+00  0.000000E+00  0.000000E+00
283  1.33794681E+00 -2.500000E+01 -2.057961E-07 -4.332916E-02  1.177603E-03  0.000000E+00  0.000000E+00  0.000000E+00  0.000000E+00
284  1.36122855E+00 -2.500000E+01 -2.057961E-07 -3.770393E-02  1.027304E-03  0.000000E+00  0.000000E+00  0.000000E+00  0.000000E+00
285  1.38474912E+00 -2.500000E+01 -2.057961E-07 -3.272858E-02  8.939170E-04  0.000000E+00  0.000000E+00  0.000000E+00  0.000000E+00
286  1.40850904E+00 -2.500000E+01 -2.057961E-07 -2.834025E-02  7.758831E-04  0.000000E+00  0.000000E+00  0.000000E+00  0.000000E+00
287  1.43250879E+00 -2.500000E+01 -2.057961E-07 -2.448036E-02  6.717375E-04  0.000000E+00  0.000000E+00  0.000000E+00  0.000000E+00
288  1.45674887E+00 -2.500000E+01 -2.057961E-07 -2.109457E-02  5.801096E-04  0.000000E+00  0.000000E+00  0.000000E+00  0.000000E+00
289  1.48122977E+00 -2.500000E+01 -2.057961E-07 -1.813278E-02  4.997245E-04  0.000000E+00  0.000000E+00  0.000000E+00  0.000000E+00
290  1.50595195E+00 -2.500000E+01 -2.057961E-07 -1.554890E-02  4.294019E-04  0.000000E+00  0.000000E+00  0.000000E+00  0.000000E+00
291  1.53091589E+00 -2.500000E+01 -2.057961E-07 -1.330082E-02  3.680549E-04  0.000000E+00  0.000000E+00  0.000000E+00  0.000000E+00
292  1.55612206E+00 -2.500000E+01 -2.057961E-07 -1.135015E-02  3.146872E-04  0.000000E+00  0.000000E+00  0.000000E+00  0.000000E+00
293  1.58157091E+00 -2.500000E+01 -2.057961E-07 -9.662074E-03  2.683896E-04  0.000000E+00  0.000000E+00  0.000000E+00  0.000000E+00
294  1.60726290E+00 -2.500000E+01 -2.057961E-07 -8.205140E-03  2.283361E-04  0.000000E+00  0.000000E+00  0.000000E+00  0.000000E+00
295  1.63319847E+00 -2.500000E+01 -2.057961E-07 -6.951037E-03  1.937795E-04  0.000000E+00  0.000000E+00  0.000000E+00  0.000000E+00
296  1.65937806E+00 -2.500000E+01 -2.057961E-07 -5.874381E-03  1.640466E-04  0.000000E+00  0.000000E+00  0.000000E+00  0.000000E+00
297  1.68580212E+00 -2.500000E+01 -2.057961E-07 -4.952502E-03  1.385336E-04  0.000000E+00  0.000000E+00  0.000000E+00  0.000000E+00
298  1.71247107E+00 -2.500000E+01 -2.057961E-07 -4.165221E-03  1.167006E-04  0.000000E+00  0.000000E+00  0.000000E+00  0.000000E+00
299  1.73938534E+00 -2.500000E+01 -2.057961E-07 -3.494647E-03  9.806702E-05  0.000000E+00  0.000000E+00  0.000000E+00  0.000000E+00
300  1.76654534E+00 -2.500000E+01 -2.057961E-07 -2.924969E-03  8.220650E-05  0.000000E+00  0.000000E+00  0.000000E+00  0.000000E+00
301  1.79395150E+00 -2.500000E+01 -2.057961E-07 -2.442265E-03  6.874234E-05  0.000000E+00  0.000000E+00  0.000000E+00  0.000000E+00
302  1.82160422E+00 -2.500000E+01 -2.057961E-07 -2.034317E-03  5.734281E-05  0.000000E+00  0.000000E+00  0.000000E+00  0.000000E+00
303  1.84950390E+00 -2.500000E+01 -2.057961E-07 -1.690439E-03  4.771682E-05  0.000000E+00  0.000000E+00  0.000000E+00  0.000000E+00
304  1.87765096E+00 -2.500000E+01 -2.057961E-07 -1.401316E-03  3.960986E-05  0.000000E+00  0.000000E+00  0.000000E+00  0.000000E+00
305  1.90604577E+00 -2.500000E+01 -2.057961E-07 -1.158855E-03  3.280013E-05  0.000000E+00  0.000000E+00  0.000000E+00  0.000000E+00
306  1.93468874E+00 -2.500000E+01 -2.057961E-07 -9.560472E-04  2.709503E-05  0.000000E+00  0.000000E+00  0.000000E+00  0.000000E+00
307  1.96358024E+00 -2.500000E+01 -2.057961E-07 -7.868416E-04  2.232783E-05  0.000000E+00  0.000000E+00  0.000000E+00  0.000000E+00
308  1.99272066E+00 -2.500000E+01 -2.057961E-07 -6.460313E-04  1.835471E-05  0.000000E+00  0.000000E+00  0.000000E+00  0.000000E+00
309  2.02211038E+00 -2.500000E+01 -2.057961E-07 -5.291500E-04  1.505198E-05  0.000000E+00  0.000000E+00  0.000000E+00  0.000000E+00
310  2.05174976E+00 -2.500000E+01 -2.057961E-07 -4.323778E-04  1.231362E-05  0.000000E+00  0.000000E+00  0.000000E+00  0.000000E+00
311  2.08163917E+00 -2.500000E+01 -2.057961E-07 -3.524585E-04  1.004905E-05  0.000000E+00  0.000000E+00  0.000000E+00  0.000000E+00
312  2.11177898E+00 -2.500000E+01 -2.057961E-07 -2.866243E-04  8.181112E-06  0.000000E+00  0.000000E+00  0.000000E+00  0.000000E+00
313  2.14216954E+00 -2.500000E+01 -2.057961E-07 -2.325300E-04  6.644289E-06  0.000000E+00  0.000000E+00  0.000000E+00  0.000000E+00
314  2.17281122E+00 -2.500000E+01 -2.057961E-07 -1.881942E-04  5.383124E-06  0.000000E+00  0.000000E+00  0.000000E+00  0.000000E+00
315  2.20370435E+00 -2.500000E+01 -2.057961E-07 -1.519481E-04  4.350817E-06  0.000000E+00  0.000000E+00  0.000000E+00  0.000000E+00
316  2.23484929E+00 -2.500000E+01 -2.057961E-07 -1.223902E-04  3.507992E-06  0.000000E+00  0.000000E+00  0.000000E+00  0.000000E+00
317  2.26624637E+00 -2.500000E+01 -2.057961E-07 -9.834683E-05  2.821619E-06  0.000000E+00  0.000000E+00  0.000000E+00  0.000000E+00
318  2.29789594E+00 -2.500000E+01 -2.057961E-07 -7.883828E-05  2.264075E-06  0.000000E+00  0.000000E+00  0.000000E+00  0.000000E+00
319  2.32979834E+00 -2.500000E+01 -2.057961E-07 -6.304884E-05  1.812328E-06  0.000000E+00  0.000000E+00  0.000000E+00  0.000000E+00
320  2.36195388E+00 -2.500000E+01 -2.057961E-07 -5.030148E-05  1.447227E-06  0.000000E+00  0.000000E+00  0.000000E+00  0.000000E+00
321  2.39436290E+00 -2.500000E+01 -2.057961E-07 -4.003578E-05  1.152899E-06  0.000000E+00  0.000000E+00  0.000000E+00  0.000000E+00
322  2.42702573E+00 -2.500000E+01 -2.057961E-07 -3.178923E-05  9.162233E-07  0.000000E+00  0.000000E+00  0.000000E+00  0.000000E+00
323  2.45994267E+00 -2.500000E+01 -2.057961E-07 -2.518119E-05  7.263852E-07  0.000000E+00  0.000000E+00  0.000000E+00  0.000000E+00
324  2.49311405E+00 -2.500000E+01 -2.057961E-07 -1.989927E-05  5.744986E-07  0.000000E+00  0.000000E+00  0.000000E+00  0.000000E+00
325  2.52654019E+00 -2.500000E+01 -2.057961E-07 -1.568784E-05  4.532813E-07  0.000000E+00  0.000000E+00  0.000000E+00  0.000000E+00
326  2.56022137E+00 -2.500000E+01 -2.057961E-07 -1.233828E-05  3.567828E-07  0.000000E+00  0.000000E+00  0.000000E+00  0.000000E+00
327  2.59415793E+00 -2.500000E+01 -2.057961E-07 -9.680797E-06  2.801546E-07  0.000000E+00  0.000000E+00  0.000000E+00  0.000000E+00
328  2.62835015E+00 -2.500000E+01 -2.057961E-07 -7.577632E-06  2.194572E-07  0.000000E+00  0.000000E+00  0.000000E+00  0.000000E+00
329  2.66279833E+00 -2.500000E+01 -2.057961E-07 -5.917275E-06  1.714986E-07  0.000000E+00  0.000000E+00  0.000000E+00  0.000000E+00
330  2.69750278E+00 -2.500000E+01 -2.057961E-07 -4.609736E-06  1.336996E-07  0.000000E+00  0.000000E+00  0.000000E+00  0.000000E+00
331  2.73246377E+00 -2.500000E+01 -2.057961E-07 -3.582585E-06  1.039822E-07  0.000000E+00  0.000000E+00  0.000000E+00  0.000000E+00
332  2.76768161E+00 -2.500000E+01 -2.057961E-07 -2.777688E-06  8.067667E-08  0.000000E+00  0.000000E+00  0.000000E+00  0.000000E+00
333  2.80315658E+00 -2.500000E+01 -2.057961E-07 -2.148508E-06  6.244488E-08  0.000000E+00  0.000000E+00  0.000000E+00  0.000000E+00
334  2.83888895E+00 -2.500000E+01 -2.057961E-07 -1.657895E-06  4.821766E-08  0.000000E+00  0.000000E+00  0.000000E+00  0.000000E+00
335  2.87487902E+00 -2.500000E+01 -2.057961E-07 -1.276275E-06  3.714292E-08  0.000000E+00  0.000000E+00  0.000000E+00  0.000000E+00
336  2.91112705E+00 -2.500000E+01 -2.057961E-07 -9.801624E-07  2.854349E-08  0.000000E+00  0.000000E+00  0.000000E+00  0.000000E+00
337  2.94763333E+00 -2.500000E+01 -2.057961E-07 -7.509639E-07  2.188262E-08  0.000000E+00  0.000000E+00  0.000000E+00  0.000000E+00
338  2.98439812E+00 -2.500000E+01 -2.057961E-07 -5.739939E-07  1.673606E-08  0.000000E+00  0.000000E+00  0.000000E+00  0.000000E+00
339  3.02142169E+00 -2.500000E+01 -2.057961E-07 -4.376861E-07  1.276935E-08  0.000000E+00  0.000000E+00  0.000000E+00  0.000000E+00
340  3.05870430E+00 -2.500000E+01 -2.057961E-07 -3.329550E-07  9.719553E-09  0.000000E+00  0.000000E+00  0.000000E+00  0.000000E+00
341  3.09624622E+00 -2.500000E+01 -2.057961E-07 -2.526829E-07  7.380506E-09  0.000000E+00  0.000000E+00  0.000000E+00  0.000000E+00
342  3.13404771E+00 -2.500000E+01 -2.057961E-07 -1.913082E-07  5.590987E-09  0.000000E+00  0.000000E+00  0.000000E+00  0.000000E+00
343  3.17210903E+00 -2.500000E+01 -2.057961E-07 -1.444970E-07  4.225260E-09  0.000000E+00  0.000000E+00  0.000000E+00  0.000000E+00
344  3.21043042E+00 -2.500000E+01 -2.057961E-07 -1.088810E-07  3.185526E-09  0.000000E+00  0.000000E+00  0.000000E+00  0.000000E+00
345  3.24901215E+00 -2.500000E+01 -2.057961E-07 -8.184886E-08  2.395918E-09  0.000000E+00  0.000000E+00  0.000000E+00  0.000000E+00
346  3.28785446E+00 -2.500000E+01 -2.057961E-07 -6.138201E-08  1.797736E-09  0.000000E+00  0.000000E+00  0.000000E+00  0.000000E+00
347  3.32695760E+00 -2.500000E+01 -2.057961E-07 -4.592375E-08  1.345685E-09  0.000000E+00  0.000000E+00  0.000000E+00  0.000000E+00
348  3.36632181E+00 -2.500000E+01 -2.057961E-07 -3.427689E-08  1.004903E-09  0.000000E+00  0.000000E+00  0.000000E+00  0.000000E+00
349  3.40594733E+00 -2.500000E+01 -2.057961E-07 -2.552309E-08  7.486321E-10  0.000000E+00  0.000000E+00  0.000000E+00  0.000000E+00
350  3.44583440E+00 -2.500000E+01 -2.057961E-07 -1.895977E-08  5.563865E-10  0.000000E+00  0.000000E+00  0.000000E+00  0.000000E+00
351  3.48598327E+00 -2.500000E+01 -2.057961E-07 -1.405079E-08  4.125234E-10  0.000000E+00  0.000000E+00  0.000000E+00  0.000000E+00
352  3.52639416E+00 -2.500000E+01 -2.057961E-07 -1.038810E-08  3.051297E-10  0.000000E+00  0.000000E+00  0.000000E+00  0.000000E+00
353  3.56706730E+00 -2.500000E+01 -2.057961E-07 -7.661955E-09  2.251565E-10  0.000000E+00  0.000000E+00  0.000000E+00  0.000000E+00
354  3.60800294E+00 -2.500000E+01 -2.057961E-07 -5.637816E-09  1.657481E-10  0.000000E+00  0.000000E+00  0.000000E+00  0.000000E+00
355  3.64920128E+00 -2.500000E+01 -2.057961E-07 -4.138569E-09  1.217242E-10  0.000000E+00  0.000000E+00  0.000000E+00  0.000000E+00
356  3.69066257E+00 -2.500000E+01 -2.057961E-07 -3.030800E-09  8.918045E-11  0.000000E+00  0.000000E+00  0.000000E+00  0.000000E+00
357  3.73238702E+00 -2.500000E+01 -2.057961E-07 -2.214279E-09  6.518186E-11  0.000000E+00  0.000000E+00  0.000000E+00  0.000000E+00
358  3.77437485E+00 -2.500000E+01 -2.057961E-07 -1.613894E-09  4.752786E-11  0.000000E+00  0.000000E+00  0.000000E+00  0.000000E+00
359  3.81662628E+00 -2.500000E+01 -2.057961E-07 -1.173507E-09  3.457278E-11  0.000000E+00  0.000000E+00  0.000000E+00  0.000000E+00
360  3.85914153E+00 -2.500000E+01 -2.057961E-07 -8.512640E-10  2.508909E-11  0.000000E+00  0.000000E+00  0.000000E+00  0.000000E+00
361  3.90192082E+00 -2.500000E+01 -2.057961E-07 -6.160424E-10  1.816352E-11  0.000000E+00  0.000000E+00  0.000000E+00  0.000000E+00
362  3.94496435E+00 -2.500000E+01 -2.057961E-07 -4.447589E-10  1.311837E-11  0.000000E+00  0.000000E+00  0.000000E+00  0.000000E+00
363  3.98827234E+00 -2.500000E+01 -2.057961E-07 -3.203364E-10  9.452012E-12  0.000000E+00  0.000000E+00  0.000000E+00  0.000000E+00
364  4.03184500E+00 -2.500000E+01 -2.057961E-07 -2.301737E-10  6.794123E-12  0.000000E+00  0.000000E+00  0.000000E+00  0.000000E+00
365  4.07568252E+00 -2.500000E+01 -2.057961E-07 -1.649958E-10  4.872000E-12  0.000000E+00  0.000000E+00  0.000000E+00  0.000000E+00
366  4.11978512E+00 -2.500000E+01 -2.057961E-07 -1.179933E-10  3.488639E-12  0.000000E+00  0.000000E+00  0.000000E+00  0.000000E+00
367  4.16415300E+00 -2.500000E+01 -2.057961E-07 -8.418012E-11  2.480031E-12  0.000000E+00  0.000000E+00  0.000000E+00  0.000000E+00
